,close,diff,open,high,low,volume,agency,foreign
2020.01.15,15100.0,0.0,15100.0,15100.0,15100.0,2477019.0,,
2020.01.14,15100.0,130.0,15130.0,15300.0,15060.0,20669248.0,897404.0,35542.0
2020.01.13,14970.0,320.0,14660.0,14970.0,14630.0,18486707.0,1420215.0,439022.0
2020.01.10,14650.0,255.0,14420.0,14670.0,14395.0,19173101.0,1852745.0,-381964.0
2020.01.09,14395.0,440.0,14300.0,14395.0,14210.0,12209364.0,1470531.0,77.0
2020.01.08,13955.0,-160.0,13905.0,14090.0,13750.0,15903202.0,-511176.0,363518.0
2020.01.07,14115.0,275.0,13990.0,14230.0,13955.0,12317210.0,695382.0,113480.0
2020.01.06,13840.0,-230.0,13820.0,13950.0,13785.0,11065698.0,-564469.0,834059.0
2020.01.03,14070.0,10.0,14305.0,14465.0,13910.0,22193579.0,433215.0,-450592.0
2020.01.02,14060.0,-365.0,14425.0,14470.0,14015.0,12770663.0,-2678876.0,116688.0
2019.12.30,14425.0,-60.0,14470.0,14555.0,14400.0,7844724.0,-56296.0,-891383.0
2019.12.27,14485.0,440.0,14175.0,14700.0,14135.0,25871608.0,1959168.0,1175075.0
2019.12.26,14045.0,115.0,13940.0,14125.0,13845.0,9833293.0,660981.0,-197695.0
2019.12.24,13930.0,-195.0,14145.0,14165.0,13925.0,8808411.0,680455.0,-156382.0
2019.12.23,14125.0,-20.0,14255.0,14270.0,14050.0,10422755.0,146252.0,-134894.0
2019.12.20,14145.0,65.0,14190.0,14210.0,14050.0,12985650.0,500900.0,312879.0
2019.12.19,14080.0,30.0,14165.0,14225.0,13955.0,13986524.0,800410.0,83675.0
2019.12.18,14050.0,-15.0,14090.0,14230.0,13990.0,15466984.0,1358860.0,-728046.0
2019.12.17,14065.0,375.0,13800.0,14105.0,13745.0,22756663.0,3002357.0,-92919.0
2019.12.16,13690.0,-30.0,13685.0,13785.0,13675.0,15927755.0,531341.0,433306.0
2019.12.13,13720.0,455.0,13570.0,13725.0,13560.0,22113574.0,2831393.0,817572.0
2019.12.12,13265.0,435.0,12950.0,13265.0,12915.0,17018885.0,5293542.0,146079.0
2019.12.11,12830.0,100.0,12700.0,12855.0,12640.0,14309724.0,2212120.0,-434445.0
2019.12.10,12730.0,125.0,12550.0,12735.0,12490.0,10713113.0,1485842.0,237711.0
2019.12.09,12605.0,125.0,12580.0,12655.0,12505.0,11181598.0,1755654.0,-710212.0
2019.12.06,12480.0,260.0,12305.0,12515.0,12305.0,13758595.0,2294637.0,-33930.0
2019.12.05,12220.0,-35.0,12390.0,12465.0,12115.0,17344067.0,-1797822.0,119672.0
2019.12.04,12255.0,-185.0,12260.0,12305.0,12125.0,16391520.0,-1783928.0,-538976.0
2019.12.03,12440.0,-135.0,12335.0,12470.0,12225.0,15083737.0,-1309909.0,362323.0
2019.12.02,12575.0,105.0,12630.0,12720.0,12535.0,11259136.0,998099.0,-559065.0
2019.11.29,12470.0,-455.0,12970.0,13015.0,12455.0,21332558.0,-6246646.0,567660.0
2019.11.28,12925.0,-115.0,12900.0,13030.0,12865.0,8720603.0,57850.0,-429690.0
2019.11.27,13040.0,15.0,13100.0,13190.0,12915.0,12329260.0,-816164.0,709736.0
2019.11.26,13025.0,10.0,13095.0,13235.0,13020.0,20976137.0,473566.0,-40599.0
2019.11.25,13015.0,275.0,12875.0,13105.0,12875.0,13123270.0,1587364.0,-316009.0
2019.11.22,12740.0,130.0,12650.0,12780.0,12625.0,10989342.0,1667240.0,-306116.0
2019.11.21,12610.0,-405.0,12960.0,12995.0,12545.0,23528284.0,-3750527.0,253832.0
2019.11.20,13015.0,-325.0,13205.0,13275.0,12990.0,14188155.0,-2163957.0,-74351.0
2019.11.19,13340.0,-115.0,13315.0,13380.0,13150.0,16348186.0,-308406.0,-385036.0
2019.11.18,13455.0,-25.0,13510.0,13510.0,13375.0,11366122.0,-1107616.0,205636.0
2019.11.15,13480.0,380.0,13180.0,13520.0,13115.0,22993642.0,4503605.0,155197.0
2019.11.14,13100.0,190.0,12940.0,13100.0,12910.0,12975608.0,1837535.0,-46522.0
2019.11.13,12910.0,-230.0,13055.0,13055.0,12855.0,13937695.0,-2763743.0,933472.0
2019.11.12,13140.0,260.0,12980.0,13145.0,12895.0,9551978.0,1231773.0,-392957.0
2019.11.11,12880.0,-220.0,13110.0,13110.0,12855.0,10990680.0,-71962.0,-66850.0
2019.11.08,13100.0,-95.0,13345.0,13380.0,13075.0,14478508.0,-2204644.0,596208.0
2019.11.07,13195.0,-30.0,13185.0,13265.0,13100.0,10729631.0,809326.0,-99567.0
2019.11.06,13225.0,15.0,13220.0,13400.0,13175.0,19255550.0,-129148.0,432611.0
2019.11.05,13210.0,160.0,13080.0,13235.0,13040.0,15246844.0,59158.0,188866.0
2019.11.04,13050.0,385.0,12800.0,13060.0,12800.0,17094394.0,3383161.0,-303029.0
2019.11.01,12665.0,195.0,12470.0,12670.0,12415.0,10318602.0,420553.0,847679.0
2019.10.31,12470.0,80.0,12530.0,12730.0,12450.0,16166499.0,2704201.0,-443222.0
2019.10.30,12390.0,-200.0,12610.0,12625.0,12365.0,13971218.0,-692988.0,15442.0
2019.10.29,12590.0,-45.0,12740.0,12780.0,12550.0,13566288.0,-396361.0,-159672.0
2019.10.28,12635.0,80.0,12670.0,12765.0,12585.0,11796892.0,609224.0,-228507.0
2019.10.25,12555.0,15.0,12605.0,12625.0,12440.0,10825206.0,-162147.0,351291.0
2019.10.24,12540.0,70.0,12580.0,12610.0,12325.0,15204678.0,78228.0,400893.0
2019.10.23,12470.0,-155.0,12570.0,12605.0,12420.0,11377061.0,-1854867.0,193064.0
2019.10.22,12625.0,340.0,12425.0,12660.0,12395.0,17336459.0,3214991.0,220078.0
2019.10.21,12285.0,125.0,12200.0,12300.0,12185.0,9240835.0,1181279.0,-127516.0
2019.10.18,12160.0,-240.0,12450.0,12560.0,12150.0,16040085.0,310163.0,-551458.0
2019.10.17,12400.0,-85.0,12525.0,12535.0,12355.0,10130590.0,-52945.0,145967.0
2019.10.16,12485.0,145.0,12495.0,12610.0,12405.0,20216119.0,1399175.0,469677.0
2019.10.15,12340.0,20.0,12295.0,12385.0,12275.0,13136007.0,-125989.0,377842.0
2019.10.14,12320.0,255.0,12345.0,12435.0,12300.0,17085213.0,1537614.0,-846743.0
2019.10.11,12065.0,165.0,12135.0,12165.0,11995.0,21600380.0,1029885.0,423299.0
2019.10.10,11900.0,-170.0,11840.0,11995.0,11590.0,32348608.0,-742256.0,-488211.0
2019.10.08,12070.0,315.0,11790.0,12095.0,11790.0,21136026.0,2926697.0,583267.0
2019.10.07,11755.0,35.0,11860.0,11915.0,11675.0,16060497.0,-2147993.0,12545.0
2019.10.04,11720.0,-95.0,11755.0,11955.0,11720.0,19074976.0,-367513.0,79413.0
2019.10.02,11815.0,-535.0,12150.0,12160.0,11815.0,18828245.0,-4290506.0,-472372.0
2019.10.01,12350.0,95.0,12245.0,12445.0,12215.0,13615694.0,-577802.0,228181.0
2019.09.30,12255.0,175.0,12005.0,12300.0,11965.0,14247583.0,1360492.0,-350420.0
2019.09.27,12080.0,-250.0,12280.0,12280.0,11995.0,12341070.0,-1825742.0,142142.0
2019.09.26,12330.0,35.0,12390.0,12480.0,12220.0,13103094.0,1076093.0,-333725.0
2019.09.25,12295.0,-350.0,12495.0,12555.0,12280.0,14164961.0,-472221.0,655588.0
2019.09.24,12645.0,160.0,12480.0,12645.0,12410.0,17190475.0,2934441.0,-646943.0
2019.09.23,12485.0,15.0,12435.0,12530.0,12410.0,13250637.0,1473063.0,415385.0
2019.09.20,12470.0,120.0,12340.0,12505.0,12305.0,13411075.0,1964089.0,399176.0
2019.09.19,12350.0,155.0,12180.0,12450.0,12160.0,18857312.0,1236457.0,26803.0
2019.09.18,12195.0,135.0,12100.0,12230.0,12000.0,13819710.0,1912119.0,-4720.0
2019.09.17,12060.0,5.0,12025.0,12100.0,11975.0,10760241.0,1484080.0,-206609.0
2019.09.16,12055.0,85.0,12080.0,12080.0,11885.0,17063649.0,1576501.0,-300803.0
2019.09.11,11970.0,165.0,11900.0,12020.0,11880.0,18599663.0,2581842.0,822719.0
2019.09.10,11805.0,120.0,11715.0,11825.0,11685.0,15316182.0,2870711.0,361229.0
2019.09.09,11685.0,165.0,11600.0,11800.0,11555.0,19696730.0,3183448.0,82531.0
2019.09.06,11520.0,100.0,11560.0,11590.0,11460.0,13851736.0,2443384.0,186088.0
2019.09.05,11420.0,210.0,11245.0,11570.0,11240.0,26578849.0,4627790.0,-300254.0
2019.09.04,11210.0,305.0,10890.0,11210.0,10860.0,16709909.0,2897366.0,-8436.0
2019.09.03,10905.0,-75.0,10925.0,11040.0,10855.0,12843933.0,-1809017.0,314931.0
2019.09.02,10980.0,10.0,10895.0,11040.0,10890.0,9076253.0,-413531.0,531045.0
2019.08.30,10970.0,375.0,10750.0,11030.0,10750.0,19355214.0,4943051.0,-358490.0
2019.08.29,10595.0,-110.0,10760.0,10760.0,10540.0,20748253.0,-2114106.0,392442.0
2019.08.28,10705.0,195.0,10590.0,10725.0,10535.0,13571673.0,1401794.0,-124156.0
2019.08.27,10510.0,55.0,10525.0,10645.0,10465.0,12460938.0,-1101506.0,215629.0
2019.08.26,10455.0,-310.0,10400.0,10495.0,10320.0,17448103.0,-833827.0,-425814.0
2019.08.23,10765.0,-15.0,10650.0,10810.0,10645.0,13498069.0,1345220.0,159130.0
2019.08.22,10780.0,-175.0,10950.0,10965.0,10760.0,18954833.0,1363127.0,-113699.0
2019.08.21,10955.0,35.0,10865.0,11030.0,10860.0,14903303.0,-759183.0,626677.0
2019.08.20,10920.0,215.0,10700.0,10955.0,10650.0,21866879.0,2066633.0,-666619.0
2019.08.19,10705.0,150.0,10665.0,10730.0,10605.0,12371244.0,437589.0,42556.0
2019.08.16,10555.0,-95.0,10450.0,10555.0,10380.0,20085781.0,-1634140.0,-289501.0
2019.08.14,10650.0,155.0,10720.0,10815.0,10630.0,20609720.0,485417.0,-382864.0
2019.08.13,10495.0,-215.0,10540.0,10620.0,10475.0,17820120.0,-1316680.0,-124754.0
2019.08.12,10710.0,20.0,10690.0,10775.0,10615.0,12307424.0,321998.0,-139950.0
2019.08.09,10690.0,150.0,10685.0,10760.0,10630.0,19281300.0,1984007.0,-525603.0
2019.08.08,10540.0,100.0,10620.0,10705.0,10460.0,29042924.0,-977426.0,-670475.0
2019.08.07,10440.0,-140.0,10615.0,10670.0,10365.0,24959487.0,-3407423.0,-341879.0
2019.08.06,10580.0,-305.0,10435.0,10850.0,10340.0,46079984.0,-6093308.0,-886909.0
2019.08.05,10885.0,-490.0,11250.0,11250.0,10835.0,32773134.0,-5419102.0,-185271.0
2019.08.02,11375.0,-240.0,11400.0,11425.0,11250.0,23074208.0,-4633574.0,-142624.0
2019.08.01,11615.0,-60.0,11520.0,11750.0,11485.0,15120977.0,-371322.0,-254668.0
2019.07.31,11675.0,-215.0,11880.0,11920.0,11560.0,22546568.0,-2786401.0,427286.0
2019.07.30,11890.0,80.0,11860.0,11960.0,11840.0,12413574.0,2097477.0,-439820.0
2019.07.29,11810.0,-360.0,12165.0,12165.0,11745.0,26694959.0,-5500485.0,-155570.0
2019.07.26,12170.0,-65.0,12120.0,12190.0,12055.0,12518707.0,-297482.0,37383.0
2019.07.25,12235.0,-40.0,12360.0,12385.0,12100.0,17733567.0,-304788.0,262796.0
2019.07.24,12275.0,-245.0,12475.0,12575.0,12235.0,16295473.0,-2719779.0,225408.0
2019.07.23,12520.0,125.0,12450.0,12590.0,12405.0,14903648.0,1438898.0,5264.0
2019.07.22,12395.0,-15.0,12315.0,12475.0,12300.0,11010996.0,-112723.0,-120176.0
2019.07.19,12410.0,355.0,12170.0,12460.0,12170.0,21042474.0,4349968.0,-158617.0
2019.07.18,12055.0,-55.0,12035.0,12150.0,11975.0,15497387.0,-513891.0,191286.0
2019.07.17,12110.0,-250.0,12230.0,12235.0,12040.0,14866421.0,-1955794.0,-9251.0
2019.07.16,12360.0,125.0,12235.0,12400.0,12195.0,15810918.0,331521.0,382815.0
2019.07.15,12235.0,-25.0,12200.0,12295.0,12100.0,12409281.0,-255007.0,32000.0
2019.07.12,12260.0,45.0,12210.0,12295.0,12120.0,10668092.0,534861.0,-45105.0
2019.07.11,12215.0,295.0,12025.0,12275.0,12025.0,19635492.0,2704454.0,241216.0
2019.07.10,11920.0,105.0,11945.0,12025.0,11900.0,14590336.0,1291579.0,-216008.0
2019.07.09,11815.0,-60.0,11945.0,12020.0,11815.0,19656560.0,1409562.0,-673704.0
2019.07.08,11875.0,-530.0,12195.0,12195.0,11860.0,26500612.0,-5379087.0,469719.0
2019.07.05,12405.0,-15.0,12450.0,12490.0,12240.0,17774649.0,215782.0,15821.0
2019.07.04,12420.0,200.0,12260.0,12430.0,12190.0,17699595.0,2528983.0,-280078.0
2019.07.03,12220.0,-330.0,12530.0,12610.0,12180.0,26385093.0,-1217166.0,125472.0
2019.07.02,12550.0,-160.0,12575.0,12700.0,12450.0,17382884.0,-623834.0,360866.0
2019.07.01,12710.0,15.0,12900.0,12945.0,12660.0,18728909.0,-2165573.0,65616.0
2019.06.28,12695.0,-55.0,12745.0,12800.0,12630.0,9837833.0,600493.0,-177306.0
2019.06.27,12750.0,295.0,12505.0,12800.0,12475.0,18958299.0,4124642.0,-180059.0
2019.06.26,12455.0,25.0,12390.0,12515.0,12380.0,12657234.0,2037016.0,-371810.0
2019.06.25,12430.0,-30.0,12460.0,12585.0,12335.0,16685609.0,-125022.0,624596.0
2019.06.24,12460.0,30.0,12475.0,12560.0,12425.0,14749586.0,1925737.0,-252278.0
2019.06.21,12430.0,-70.0,12530.0,12530.0,12385.0,14958069.0,-1106738.0,446610.0
2019.06.20,12500.0,80.0,12435.0,12510.0,12375.0,14276631.0,806425.0,414624.0
2019.06.19,12420.0,325.0,12355.0,12465.0,12335.0,22536825.0,5224992.0,-317508.0
2019.06.18,12095.0,110.0,11960.0,12140.0,11945.0,14915412.0,2570193.0,-58408.0
2019.06.17,11985.0,10.0,11945.0,12110.0,11905.0,15732808.0,-25577.0,-124798.0
2019.06.14,11975.0,-10.0,12000.0,12105.0,11845.0,17509413.0,98331.0,77431.0
2019.06.13,11985.0,-185.0,12130.0,12185.0,11805.0,31324042.0,-1992405.0,398866.0
2019.06.12,12170.0,-85.0,12240.0,12330.0,12160.0,14085240.0,557515.0,-246610.0
2019.06.11,12255.0,130.0,12090.0,12285.0,12050.0,19808208.0,1535321.0,65895.0
2019.06.10,12125.0,335.0,11950.0,12170.0,11845.0,28882750.0,5556552.0,162413.0
2019.06.07,11790.0,15.0,11800.0,11970.0,11630.0,25882835.0,-84175.0,-83316.0
2019.06.05,11775.0,20.0,11955.0,12025.0,11750.0,21023334.0,-1539998.0,49245.0
2019.06.04,11755.0,-45.0,11770.0,11835.0,11695.0,16680875.0,-469410.0,-70177.0
2019.06.03,11800.0,395.0,11340.0,11825.0,11290.0,26104266.0,4683701.0,-103005.0
2019.05.31,11405.0,-50.0,11400.0,11565.0,11270.0,26228590.0,-2109233.0,296173.0
2019.05.30,11455.0,215.0,11280.0,11470.0,11275.0,22366574.0,3633653.0,-308775.0
2019.05.29,11240.0,-335.0,11480.0,11510.0,11150.0,35990405.0,-5579977.0,344840.0
2019.05.28,11575.0,35.0,11520.0,11655.0,11430.0,20790693.0,-278794.0,-621862.0
2019.05.27,11540.0,15.0,11495.0,11640.0,11415.0,19285851.0,-834537.0,-14782.0
2019.05.24,11525.0,-160.0,11585.0,11680.0,11410.0,24061676.0,-2933337.0,-179453.0
2019.05.23,11685.0,-35.0,11720.0,11745.0,11525.0,20535742.0,-229384.0,655503.0
2019.05.22,11720.0,30.0,11760.0,11790.0,11480.0,26034291.0,-680626.0,-319329.0
2019.05.21,11690.0,125.0,11585.0,11880.0,11550.0,22802034.0,600058.0,41215.0
2019.05.20,11565.0,50.0,11630.0,11800.0,11530.0,20961949.0,853539.0,90151.0
2019.05.17,11515.0,-160.0,11800.0,11840.0,11480.0,21208138.0,-1291386.0,394404.0
2019.05.16,11675.0,-325.0,12005.0,12005.0,11615.0,26398132.0,-4383010.0,-123029.0
2019.05.15,12000.0,100.0,11925.0,12095.0,11790.0,20912109.0,-776629.0,-134125.0
2019.05.14,11900.0,-30.0,11705.0,12055.0,11655.0,25217998.0,-1302659.0,-28773.0
2019.05.13,11930.0,-295.0,12010.0,12145.0,11900.0,21058575.0,-3710930.0,-489839.0
2019.05.10,12225.0,15.0,12275.0,12405.0,11990.0,37013993.0,-2121211.0,252937.0
2019.05.09,12210.0,-740.0,12850.0,12890.0,12140.0,35934867.0,-12923387.0,-377878.0
2019.05.08,12950.0,-120.0,12750.0,13100.0,12715.0,15760878.0,-401461.0,-230005.0
2019.05.07,13070.0,-225.0,13005.0,13095.0,12820.0,22571224.0,244831.0,23087.0
2019.05.03,13295.0,-235.0,13485.0,13500.0,13240.0,15460211.0,-3480384.0,329755.0
2019.05.02,13530.0,115.0,13270.0,13605.0,13225.0,14302649.0,-72866.0,-112720.0
2019.04.30,13415.0,-180.0,13560.0,13580.0,13200.0,19659398.0,-1273523.0,-168470.0
2019.04.29,13595.0,520.0,13175.0,13595.0,13130.0,15858317.0,2441982.0,124051.0
2019.04.26,13075.0,-165.0,13100.0,13185.0,12940.0,14872469.0,-1060542.0,96304.0
2019.04.25,13240.0,-45.0,13280.0,13365.0,13165.0,10632738.0,669370.0,-58669.0
2019.04.24,13285.0,-295.0,13685.0,13705.0,13145.0,25813300.0,-1371993.0,44089.0
2019.04.23,13580.0,60.0,13530.0,13620.0,13480.0,8728964.0,734351.0,-19180.0
2019.04.22,13520.0,-15.0,13565.0,13695.0,13405.0,13435849.0,540846.0,-101235.0
2019.04.19,13535.0,5.0,13625.0,13690.0,13525.0,10175735.0,-446689.0,-114486.0
2019.04.18,13530.0,-450.0,14010.0,14030.0,13490.0,18135030.0,-2859377.0,37967.0
2019.04.17,13980.0,-25.0,14005.0,14055.0,13940.0,11701232.0,-971203.0,391880.0
2019.04.16,14005.0,120.0,13840.0,14015.0,13825.0,10164905.0,1234376.0,-39875.0
2019.04.15,13885.0,120.0,13865.0,14020.0,13860.0,17461418.0,1757871.0,-179077.0
2019.04.12,13765.0,60.0,13670.0,13830.0,13555.0,13140816.0,1140820.0,208190.0
2019.04.11,13705.0,-55.0,13785.0,13830.0,13615.0,13997382.0,-957744.0,-137945.0
2019.04.10,13760.0,125.0,13500.0,13770.0,13500.0,9815207.0,680416.0,233188.0
2019.04.09,13635.0,55.0,13615.0,13760.0,13520.0,11306664.0,1569345.0,-43470.0
2019.04.08,13580.0,-70.0,13765.0,13775.0,13500.0,12400907.0,-233666.0,23774.0
2019.04.05,13650.0,55.0,13600.0,13730.0,13570.0,12025068.0,659861.0,-4963.0
2019.04.04,13595.0,40.0,13530.0,13765.0,13510.0,15843186.0,1595696.0,25547.0
2019.04.03,13555.0,395.0,13180.0,13555.0,13130.0,17311511.0,3760270.0,366575.0
2019.04.02,13160.0,100.0,13125.0,13235.0,13110.0,11332395.0,1012037.0,-222387.0
2019.04.01,13060.0,380.0,12825.0,13095.0,12820.0,12828161.0,2651247.0,92501.0
2019.03.29,12680.0,115.0,12610.0,12730.0,12525.0,13862178.0,-514471.0,-13955.0
2019.03.28,12565.0,-170.0,12550.0,12670.0,12460.0,13775542.0,-456054.0,-261184.0
2019.03.27,12735.0,10.0,12715.0,12805.0,12505.0,16273833.0,-161338.0,-61552.0
2019.03.26,12725.0,15.0,12800.0,12820.0,12700.0,9916790.0,448256.0,-91998.0
2019.03.25,12710.0,-535.0,12895.0,12925.0,12710.0,15855015.0,-3669612.0,99091.0
2019.03.22,13245.0,65.0,13300.0,13385.0,13180.0,14087999.0,1016088.0,-297426.0
2019.03.21,13180.0,170.0,13055.0,13395.0,13045.0,25798238.0,3427081.0,195902.0
2019.03.20,13010.0,25.0,12930.0,13010.0,12670.0,15894190.0,-390817.0,181882.0
2019.03.19,12985.0,-10.0,13035.0,13045.0,12880.0,9078548.0,667017.0,-252086.0
2019.03.18,12995.0,20.0,13045.0,13080.0,12935.0,9395747.0,-567526.0,20123.0
2019.03.15,12975.0,275.0,12635.0,13065.0,12630.0,18051595.0,2194702.0,241050.0
2019.03.14,12700.0,85.0,12695.0,12765.0,12525.0,15289581.0,-52222.0,39871.0
2019.03.13,12615.0,-200.0,12725.0,12730.0,12440.0,14721022.0,-1938060.0,-282965.0
2019.03.12,12815.0,265.0,12735.0,12860.0,12735.0,11905467.0,399370.0,-121551.0
2019.03.11,12550.0,0.0,12590.0,12630.0,12460.0,9341465.0,-918352.0,56383.0
2019.03.08,12550.0,-345.0,12750.0,12810.0,12545.0,13089002.0,-2068350.0,-271183.0
2019.03.07,12895.0,-85.0,12965.0,13095.0,12795.0,11282966.0,-1054796.0,76507.0
2019.03.06,12980.0,-70.0,13045.0,13045.0,12915.0,10128806.0,-328617.0,106055.0
2019.03.05,13050.0,-210.0,13150.0,13185.0,12965.0,13469885.0,-638241.0,-4921.0
2019.03.04,13260.0,-130.0,13565.0,13655.0,13235.0,16370513.0,-2411934.0,5295.0
2019.02.28,13390.0,-470.0,13805.0,13840.0,13390.0,20569012.0,-1864935.0,-388001.0
2019.02.27,13860.0,105.0,13850.0,13910.0,13785.0,11349331.0,1785647.0,24711.0
2019.02.26,13755.0,-105.0,13855.0,13880.0,13700.0,13874831.0,-793368.0,-160086.0
2019.02.25,13860.0,50.0,13930.0,14005.0,13765.0,14862011.0,-1240477.0,249947.0
2019.02.22,13810.0,20.0,13710.0,13810.0,13645.0,11612693.0,517433.0,5342.0
2019.02.21,13790.0,-5.0,13715.0,13900.0,13590.0,17299491.0,-391023.0,-102690.0
2019.02.20,13795.0,320.0,13610.0,13900.0,13585.0,18596821.0,2714831.0,235913.0
2019.02.19,13475.0,-130.0,13560.0,13615.0,13320.0,17224875.0,234962.0,-481597.0
2019.02.18,13605.0,205.0,13550.0,13700.0,13485.0,14219313.0,725625.0,-6620.0
2019.02.15,13400.0,-350.0,13635.0,13645.0,13300.0,15706219.0,-1110344.0,-84528.0
2019.02.14,13750.0,245.0,13405.0,13750.0,13295.0,13918173.0,581433.0,152889.0
2019.02.13,13505.0,115.0,13510.0,13545.0,13425.0,11762469.0,-756419.0,399266.0
2019.02.12,13390.0,180.0,13220.0,13440.0,13185.0,11565292.0,1123697.0,-227976.0
2019.02.11,13210.0,15.0,13195.0,13215.0,13050.0,10440366.0,-31602.0,128332.0
2019.02.08,13195.0,-375.0,13410.0,13445.0,13135.0,15284442.0,-661010.0,-44242.0
2019.02.07,13570.0,5.0,13755.0,13770.0,13500.0,14400745.0,29124.0,217174.0
2019.02.01,13565.0,-60.0,13720.0,13845.0,13555.0,15800938.0,1110541.0,-219948.0
2019.01.31,13625.0,-35.0,13910.0,13925.0,13615.0,18513817.0,-248492.0,155946.0
2019.01.30,13660.0,340.0,13345.0,13660.0,13280.0,19102020.0,1939375.0,275420.0
2019.01.29,13320.0,125.0,13140.0,13320.0,13030.0,12898885.0,1094518.0,-204470.0
2019.01.28,13195.0,-15.0,13235.0,13380.0,13110.0,17036037.0,1030093.0,7919.0
2019.01.25,13210.0,490.0,12795.0,13230.0,12770.0,22737947.0,3870418.0,57110.0
2019.01.24,12720.0,205.0,12515.0,12730.0,12480.0,16288675.0,2110394.0,11556.0
2019.01.23,12515.0,135.0,12285.0,12575.0,12265.0,12181810.0,1153541.0,-129062.0
2019.01.22,12380.0,-135.0,12535.0,12580.0,12290.0,12027386.0,604617.0,107934.0
2019.01.21,12515.0,10.0,12650.0,12670.0,12365.0,13571903.0,-174129.0,436423.0
2019.01.18,12505.0,195.0,12410.0,12515.0,12380.0,16177085.0,3601081.0,-330768.0
2019.01.17,12310.0,55.0,12310.0,12420.0,12215.0,18123619.0,3223759.0,104038.0
2019.01.16,12255.0,105.0,12150.0,12265.0,12070.0,12107461.0,261702.0,187293.0
2019.01.15,12150.0,465.0,11760.0,12170.0,11750.0,18223243.0,4614694.0,-25555.0
2019.01.14,11685.0,-225.0,11835.0,11865.0,11660.0,9103419.0,-1252167.0,387007.0
2019.01.11,11910.0,170.0,11850.0,11955.0,11765.0,14712308.0,1211492.0,-143928.0
2019.01.10,11740.0,5.0,11760.0,11880.0,11675.0,15103253.0,1022590.0,-13590.0
2019.01.09,11735.0,465.0,11370.0,11825.0,11365.0,23324011.0,4473414.0,584821.0
2019.01.08,11270.0,-175.0,11440.0,11515.0,11270.0,14168806.0,-1435610.0,75188.0
2019.01.07,11445.0,330.0,11385.0,11590.0,11370.0,22304129.0,2167565.0,-621600.0
2019.01.04,11115.0,180.0,10910.0,11130.0,10865.0,14075987.0,475532.0,513953.0
2019.01.03,10935.0,-225.0,11135.0,11180.0,10915.0,17210783.0,-1576796.0,-139429.0
2019.01.02,11160.0,-285.0,11605.0,11645.0,11095.0,16302134.0,-4692790.0,87761.0
2018.12.28,11445.0,105.0,11375.0,11530.0,11370.0,11648225.0,2307261.0,46121.0
2018.12.27,11340.0,310.0,11405.0,11430.0,11280.0,14035695.0,2085116.0,-70615.0
2018.12.26,11030.0,-330.0,11065.0,11200.0,10915.0,19752377.0,-3306039.0,-172025.0
2018.12.24,11360.0,-10.0,11310.0,11370.0,11225.0,8095471.0,455639.0,42855.0
2018.12.21,11370.0,-5.0,11330.0,11405.0,11275.0,11453969.0,357035.0,-69023.0
2018.12.20,11375.0,-250.0,11485.0,11525.0,11260.0,19966374.0,-1605677.0,-838688.0
2018.12.19,11625.0,160.0,11510.0,11640.0,11470.0,7665210.0,722359.0,51328.0
2018.12.18,11465.0,-90.0,11365.0,11585.0,11365.0,10051402.0,-740954.0,72150.0
2018.12.17,11555.0,80.0,11480.0,11625.0,11480.0,10758771.0,830307.0,-69058.0
2018.12.14,11475.0,-400.0,11840.0,11860.0,11360.0,15360629.0,-2683098.0,-77482.0
2018.12.13,11875.0,125.0,11760.0,11950.0,11700.0,12930546.0,1653751.0,151124.0
2018.12.12,11750.0,320.0,11520.0,11770.0,11485.0,9478358.0,659975.0,54674.0
2018.12.11,11430.0,-55.0,11545.0,11555.0,11370.0,8685710.0,-288123.0,-239099.0
2018.12.10,11485.0,-255.0,11425.0,11550.0,11340.0,13150852.0,-1366304.0,-107662.0
2018.12.07,11740.0,95.0,11755.0,11835.0,11630.0,10691982.0,657156.0,-386339.0
2018.12.06,11645.0,-355.0,11885.0,11895.0,11600.0,14621782.0,-3226881.0,446614.0
2018.12.05,12000.0,-150.0,11820.0,12100.0,11820.0,11921764.0,1455794.0,-254080.0
2018.12.04,12150.0,-285.0,12340.0,12365.0,12035.0,15657331.0,-2989012.0,604309.0
2018.12.03,12435.0,415.0,12355.0,12500.0,12205.0,20340679.0,1310662.0,-376708.0
2018.11.30,12020.0,-225.0,12290.0,12345.0,11955.0,9891194.0,-1038564.0,361.0
2018.11.29,12245.0,55.0,12515.0,12575.0,12190.0,15889216.0,-547352.0,242238.0
2018.11.28,12190.0,130.0,12125.0,12205.0,12015.0,10498705.0,1992299.0,20758.0
2018.11.27,12060.0,180.0,11970.0,12100.0,11820.0,11699616.0,1420610.0,4949.0
2018.11.26,11880.0,330.0,11600.0,11890.0,11590.0,10241365.0,2612211.0,55405.0
2018.11.23,11550.0,-160.0,11700.0,11765.0,11460.0,11347857.0,-1022085.0,203507.0
2018.11.22,11710.0,-40.0,11740.0,11810.0,11665.0,8190994.0,-473087.0,251783.0
2018.11.21,11750.0,-100.0,11560.0,11765.0,11475.0,13970575.0,-763224.0,-199485.0
2018.11.20,11850.0,-240.0,11795.0,11960.0,11775.0,10451611.0,198460.0,-567807.0
2018.11.19,12090.0,85.0,12060.0,12245.0,11980.0,14791674.0,-169665.0,434329.0
2018.11.16,12005.0,-20.0,12135.0,12185.0,11975.0,17197289.0,-540887.0,208806.0
2018.11.15,12025.0,240.0,11740.0,12055.0,11685.0,12736739.0,144562.0,-384967.0
2018.11.14,11785.0,-70.0,11865.0,11895.0,11715.0,10802645.0,-167838.0,68584.0
2018.11.13,11855.0,-185.0,11655.0,11880.0,11435.0,18479527.0,-1069179.0,-99203.0
2018.11.12,12040.0,65.0,11790.0,12085.0,11750.0,8882387.0,1336780.0,-27676.0
2018.11.09,11975.0,-150.0,12080.0,12200.0,11960.0,13334668.0,29336.0,347789.0
2018.11.08,12125.0,205.0,12285.0,12440.0,12125.0,17901338.0,2149291.0,-172116.0
2018.11.07,11920.0,-100.0,12015.0,12250.0,11860.0,21752053.0,-41560.0,165366.0
2018.11.06,12020.0,140.0,11985.0,12070.0,11780.0,17157287.0,1769093.0,4408.0
2018.11.05,11880.0,-235.0,11940.0,11970.0,11600.0,22014674.0,-1414797.0,28692.0
2018.11.02,12115.0,820.0,11565.0,12155.0,11540.0,27541346.0,6829484.0,373192.0
2018.11.01,11295.0,-70.0,11410.0,11665.0,11290.0,23129852.0,-126599.0,-152243.0
2018.10.31,11365.0,55.0,11360.0,11470.0,11160.0,19632804.0,-1184359.0,260091.0
2018.10.30,11310.0,200.0,11050.0,11475.0,11015.0,24615699.0,-946379.0,252353.0
2018.10.29,11110.0,-210.0,11420.0,11550.0,11090.0,28528417.0,-858969.0,-109141.0
2018.10.26,11320.0,-380.0,11725.0,11740.0,11110.0,32423422.0,-4074160.0,238009.0
2018.10.25,11700.0,-370.0,11510.0,11700.0,11335.0,26366500.0,-3654981.0,-358831.0
2018.10.24,12070.0,-115.0,12355.0,12355.0,12025.0,15936632.0,-72813.0,23764.0
2018.10.23,12185.0,-610.0,12595.0,12630.0,12035.0,23408737.0,-5749006.0,195923.0
2018.10.22,12795.0,65.0,12550.0,12855.0,12500.0,12020968.0,-110571.0,-203665.0
2018.10.19,12730.0,100.0,12450.0,12765.0,12305.0,17571655.0,-61109.0,67135.0
2018.10.18,12630.0,-240.0,12775.0,12850.0,12620.0,10121412.0,-1122057.0,160332.0
2018.10.17,12870.0,315.0,12850.0,13025.0,12765.0,15985338.0,1699440.0,-14808.0
2018.10.16,12555.0,-50.0,12720.0,12815.0,12515.0,13467149.0,-1440187.0,-11513.0
2018.10.15,12605.0,-205.0,12720.0,12755.0,12555.0,15948208.0,24763.0,338613.0
2018.10.12,12810.0,260.0,12595.0,12975.0,12475.0,25216506.0,-1672457.0,-305811.0
2018.10.11,12550.0,-1120.0,13000.0,13145.0,12500.0,32570741.0,-8095794.0,141265.0
2018.10.10,13670.0,-190.0,13870.0,13915.0,13565.0,12186422.0,-2002156.0,61054.0
2018.10.08,13860.0,-120.0,13845.0,14055.0,13840.0,10823033.0,-612296.0,-144427.0
2018.10.05,13980.0,-35.0,13975.0,14085.0,13800.0,13466608.0,-748827.0,40105.0
2018.10.04,14015.0,-465.0,14520.0,14520.0,13980.0,13723801.0,-4470597.0,510.0
2018.10.02,14480.0,-365.0,14810.0,14915.0,14470.0,10089960.0,-507133.0,136072.0
2018.10.01,14845.0,-40.0,14940.0,15005.0,14750.0,7829404.0,-57431.0,48059.0
2018.09.28,14885.0,-170.0,15065.0,15085.0,14855.0,5651706.0,-207094.0,-42119.0
2018.09.27,15055.0,225.0,14750.0,15100.0,14750.0,11365049.0,1568696.0,-115528.0
2018.09.21,14830.0,130.0,14780.0,14830.0,14690.0,7636083.0,991272.0,99236.0
2018.09.20,14700.0,260.0,14525.0,14825.0,14490.0,14239966.0,4074265.0,-1952.0
2018.09.19,14440.0,10.0,14530.0,14545.0,14335.0,6290217.0,-206745.0,56311.0
2018.09.18,14430.0,135.0,14090.0,14445.0,14085.0,9562946.0,1376840.0,15337.0
2018.09.17,14295.0,-240.0,14455.0,14465.0,14220.0,8303193.0,-1550460.0,-30669.0
2018.09.14,14535.0,450.0,14265.0,14560.0,14265.0,12813599.0,2508635.0,-27873.0
2018.09.13,14085.0,45.0,14070.0,14150.0,14020.0,7806453.0,451734.0,-1384.0
2018.09.12,14040.0,-40.0,14100.0,14140.0,13920.0,7414735.0,-1095582.0,40137.0
2018.09.11,14080.0,-75.0,14150.0,14270.0,13980.0,7412542.0,-809054.0,4601.0
2018.09.10,14155.0,50.0,14080.0,14215.0,14055.0,5758395.0,587334.0,-81936.0
2018.09.07,14105.0,-150.0,14080.0,14205.0,13905.0,12430836.0,-1652328.0,-54571.0
2018.09.06,14255.0,-55.0,14265.0,14395.0,14195.0,6008621.0,-446593.0,77634.0
2018.09.05,14310.0,-390.0,14590.0,14645.0,14260.0,7764542.0,-2092743.0,3464.0
2018.09.04,14700.0,145.0,14585.0,14715.0,14505.0,8347771.0,1138541.0,-53816.0
2018.09.03,14555.0,-180.0,14705.0,14725.0,14520.0,5716001.0,-933052.0,40789.0
2018.08.31,14735.0,105.0,14480.0,14750.0,14435.0,7816640.0,1287174.0,54975.0
2018.08.30,14630.0,25.0,14640.0,14795.0,14550.0,9457919.0,615990.0,43956.0
2018.08.29,14605.0,70.0,14570.0,14650.0,14520.0,5558089.0,1209722.0,22146.0
2018.08.28,14535.0,20.0,14670.0,14710.0,14520.0,9306227.0,455706.0,-27614.0
2018.08.27,14515.0,145.0,14490.0,14560.0,14375.0,8530454.0,736137.0,-51727.0
2018.08.24,14370.0,125.0,14165.0,14425.0,14095.0,7342077.0,1252672.0,28314.0
2018.08.23,14245.0,105.0,14250.0,14280.0,14095.0,5854288.0,751185.0,12159.0
2018.08.22,14140.0,105.0,14090.0,14210.0,14020.0,8173202.0,694797.0,101350.0
2018.08.21,14035.0,295.0,13735.0,14070.0,13670.0,10536181.0,1853167.0,-55914.0
2018.08.20,13740.0,25.0,13820.0,13955.0,13700.0,9009074.0,-400468.0,68778.0
2018.08.17,13715.0,-5.0,13725.0,13795.0,13655.0,9173633.0,-814889.0,35434.0
2018.08.16,13720.0,-285.0,13635.0,13795.0,13455.0,14520869.0,-1297431.0,-44551.0
2018.08.14,14005.0,125.0,13870.0,14035.0,13865.0,8612405.0,622301.0,11923.0
2018.08.13,13880.0,-365.0,14050.0,14085.0,13720.0,13975483.0,-1566436.0,-4458.0
2018.08.10,14245.0,-325.0,14500.0,14500.0,14185.0,11916830.0,-2672087.0,-88450.0
2018.08.09,14570.0,-5.0,14580.0,14610.0,14440.0,7083925.0,-519787.0,83107.0
2018.08.08,14575.0,-10.0,14625.0,14695.0,14540.0,5878581.0,-192666.0,21856.0
2018.08.07,14585.0,190.0,14430.0,14585.0,14305.0,9580043.0,1562348.0,-98478.0
2018.08.06,14395.0,-25.0,14445.0,14595.0,14385.0,6699977.0,880724.0,69743.0
2018.08.03,14420.0,195.0,14300.0,14440.0,14215.0,8920091.0,1512486.0,23689.0
2018.08.02,14225.0,-515.0,14710.0,14735.0,14170.0,15608656.0,-3734287.0,10159.0
2018.08.01,14740.0,105.0,14700.0,14850.0,14675.0,8525754.0,-226627.0,9125.0
2018.07.31,14635.0,45.0,14590.0,14650.0,14515.0,5529453.0,280371.0,-57559.0
2018.07.30,14590.0,-60.0,14595.0,14675.0,14475.0,7518830.0,-380609.0,56015.0
2018.07.27,14650.0,90.0,14630.0,14650.0,14525.0,7204660.0,376125.0,-34867.0
2018.07.26,14560.0,170.0,14545.0,14700.0,14425.0,12782208.0,557631.0,15747.0
2018.07.25,14390.0,-60.0,14490.0,14615.0,14360.0,9281661.0,-434049.0,287.0
2018.07.24,14450.0,85.0,14395.0,14495.0,14245.0,8360224.0,553025.0,40110.0
2018.07.23,14365.0,-230.0,14580.0,14585.0,14305.0,11340298.0,-1112950.0,27586.0
2018.07.20,14595.0,125.0,14475.0,14635.0,14295.0,12743940.0,617401.0,-205230.0
2018.07.19,14470.0,-50.0,14640.0,14680.0,14430.0,8268779.0,673916.0,-68806.0
2018.07.18,14520.0,-75.0,14750.0,14880.0,14490.0,9727539.0,-248720.0,63357.0
2018.07.17,14595.0,-35.0,14625.0,14700.0,14455.0,10699563.0,203470.0,-7576.0
2018.07.16,14630.0,-95.0,14750.0,14825.0,14605.0,6936472.0,-390532.0,7146.0
2018.07.13,14725.0,290.0,14470.0,14800.0,14455.0,16363186.0,1345412.0,-63442.0
2018.07.12,14435.0,95.0,14400.0,14575.0,14275.0,9209230.0,527276.0,-140173.0
2018.07.11,14340.0,-170.0,14280.0,14415.0,14060.0,14236717.0,515942.0,-25272.0
2018.07.10,14510.0,55.0,14575.0,14680.0,14485.0,9934214.0,-115048.0,5711.0
2018.07.09,14455.0,215.0,14255.0,14560.0,14160.0,12575030.0,1337286.0,-80781.0
2018.07.06,14240.0,190.0,14020.0,14380.0,13930.0,19733034.0,-495641.0,-125657.0
2018.07.05,14050.0,-80.0,14110.0,14245.0,13890.0,14395800.0,-884382.0,-42812.0
2018.07.04,14130.0,-85.0,14195.0,14340.0,14085.0,11472976.0,352081.0,-26123.0
2018.07.03,14215.0,40.0,14370.0,14375.0,13995.0,20436233.0,-918063.0,71812.0
2018.07.02,14175.0,-640.0,14780.0,14865.0,14160.0,17360237.0,-3626780.0,11676.0
2018.06.29,14815.0,65.0,14805.0,14905.0,14485.0,15348211.0,-418893.0,-39629.0
2018.06.28,14750.0,-300.0,14930.0,15010.0,14685.0,14343824.0,-2257974.0,147142.0
2018.06.27,15050.0,-110.0,15075.0,15230.0,15010.0,11229818.0,-277836.0,121600.0
2018.06.26,15160.0,-40.0,14900.0,15215.0,14800.0,15817615.0,-166839.0,-258711.0
2018.06.25,15200.0,20.0,15150.0,15250.0,14875.0,12356283.0,-290865.0,-20711.0
2018.06.22,15180.0,225.0,14730.0,15180.0,14685.0,18975520.0,508949.0,21435.0
2018.06.21,14955.0,-315.0,15210.0,15330.0,14945.0,11761176.0,-2010840.0,49206.0
2018.06.20,15270.0,250.0,15105.0,15405.0,15040.0,14804687.0,301728.0,-31179.0
2018.06.19,15020.0,-400.0,15365.0,15440.0,14940.0,15055748.0,-2826669.0,-56448.0
2018.06.18,15420.0,-380.0,15835.0,15840.0,15280.0,16309260.0,-2867772.0,150083.0
2018.06.15,15800.0,-220.0,16140.0,16140.0,15800.0,17973224.0,-4615739.0,-365538.0
2018.06.14,16020.0,-545.0,16370.0,16380.0,15960.0,22126084.0,-6611676.0,-286382.0
2018.06.12,16565.0,-35.0,16670.0,16735.0,16515.0,12875868.0,412786.0,-87485.0
2018.06.11,16600.0,265.0,16390.0,16610.0,16315.0,11429555.0,1717095.0,126943.0
2018.06.08,16335.0,-325.0,16570.0,16605.0,16305.0,10359368.0,-1835156.0,-31814.0
2018.06.07,16660.0,265.0,16505.0,16760.0,16505.0,18502677.0,5084205.0,-147134.0
2018.06.05,16395.0,75.0,16340.0,16400.0,16120.0,11341471.0,1342898.0,258871.0
2018.06.04,16320.0,195.0,16180.0,16380.0,16155.0,11370512.0,2496508.0,6889.0
2018.06.01,16125.0,170.0,15905.0,16255.0,15835.0,12967452.0,2565653.0,-28982.0
2018.05.31,15955.0,130.0,16015.0,16015.0,15825.0,13258712.0,91998.0,64331.0
2018.05.30,15825.0,-710.0,16400.0,16405.0,15640.0,40059396.0,-12927396.0,-289663.0
2018.05.29,16535.0,-320.0,16810.0,16845.0,16525.0,11250678.0,-3024355.0,-102768.0
2018.05.28,16855.0,140.0,16800.0,16885.0,16765.0,9472023.0,1406859.0,117048.0
2018.05.25,16715.0,65.0,16490.0,16780.0,16475.0,11110059.0,1386351.0,-106128.0
2018.05.24,16650.0,-110.0,16805.0,16840.0,16565.0,9254386.0,-867078.0,17625.0
2018.05.23,16760.0,205.0,16525.0,16790.0,16490.0,10853964.0,2237028.0,18544.0
2018.05.21,16555.0,65.0,16530.0,16635.0,16260.0,9495567.0,583753.0,-115910.0
2018.05.18,16490.0,110.0,16450.0,16500.0,16380.0,5328826.0,-209493.0,178430.0
2018.05.17,16380.0,-155.0,16630.0,16720.0,16380.0,6313112.0,-327917.0,-236566.0
2018.05.16,16535.0,105.0,16280.0,16595.0,16260.0,7163335.0,857396.0,63382.0
2018.05.15,16430.0,-275.0,16675.0,16760.0,16370.0,10163697.0,-1744415.0,-13214.0
2018.05.14,16705.0,-85.0,16855.0,16890.0,16665.0,6692844.0,-38247.0,23702.0
2018.05.11,16790.0,195.0,16750.0,16915.0,16720.0,9357892.0,1799761.0,-22517.0
2018.05.10,16595.0,190.0,16545.0,16645.0,16455.0,8334275.0,105233.0,180074.0
2018.05.09,16405.0,-85.0,16490.0,16535.0,16180.0,11686025.0,-1667678.0,-210585.0
2018.05.08,16490.0,-150.0,16770.0,16845.0,16430.0,8314664.0,-872426.0,-165936.0
2018.05.04,16640.0,-255.0,16875.0,16935.0,16625.0,13414217.0,-2106262.0,113690.0
2018.05.03,16895.0,-90.0,16910.0,16990.0,16765.0,7740451.0,-1054242.0,-23292.0
2018.05.02,16985.0,-215.0,17150.0,17190.0,16945.0,7752917.0,-1057565.0,-344414.0
2018.04.30,17200.0,145.0,17185.0,17255.0,17085.0,10358560.0,1191353.0,679400.0
2018.04.27,17055.0,295.0,17040.0,17265.0,16915.0,21488092.0,2893081.0,461389.0
2018.04.26,16760.0,425.0,16440.0,16865.0,16420.0,16365743.0,4797948.0,-291342.0
2018.04.25,16335.0,-235.0,16320.0,16385.0,16180.0,14146709.0,-2613866.0,248834.0
2018.04.24,16570.0,-160.0,16785.0,16800.0,16400.0,13374116.0,-1827425.0,-219481.0
2018.04.23,16730.0,-20.0,16690.0,16805.0,16625.0,7834611.0,-839234.0,213416.0
2018.04.20,16750.0,-235.0,16805.0,16905.0,16710.0,9784606.0,-1851766.0,-40973.0
2018.04.19,16985.0,185.0,16885.0,17045.0,16840.0,12575783.0,2304787.0,-73387.0
2018.04.18,16800.0,355.0,16625.0,16910.0,16625.0,21005075.0,4760940.0,-37.0
2018.04.17,16445.0,-30.0,16505.0,16610.0,16385.0,10603978.0,-503698.0,-64977.0
2018.04.16,16475.0,20.0,16580.0,16615.0,16390.0,10248810.0,-963521.0,257862.0
2018.04.13,16455.0,180.0,16410.0,16505.0,16300.0,12818779.0,1950059.0,-117381.0
2018.04.12,16275.0,10.0,16370.0,16445.0,16265.0,12307557.0,1578867.0,-84119.0
2018.04.11,16265.0,-110.0,16440.0,16495.0,16230.0,12644161.0,-1148345.0,119557.0
2018.04.10,16375.0,40.0,16200.0,16460.0,15930.0,23396384.0,-250128.0,-146157.0
2018.04.09,16335.0,205.0,16050.0,16375.0,16045.0,12511200.0,1756037.0,61148.0
2018.04.06,16130.0,-170.0,16085.0,16195.0,15930.0,14362073.0,-1224771.0,-31393.0
2018.04.05,16300.0,475.0,16080.0,16415.0,16010.0,19649364.0,4036817.0,144018.0
2018.04.04,15825.0,-505.0,16365.0,16380.0,15790.0,20684006.0,-4961821.0,-20639.0
2018.04.03,16330.0,-105.0,16125.0,16330.0,16005.0,14059051.0,-1573493.0,-57616.0
2018.04.02,16435.0,-65.0,16505.0,16735.0,16390.0,12302595.0,99054.0,138923.0
2018.03.30,16500.0,70.0,16595.0,16715.0,16500.0,12909484.0,1430119.0,-10942.0
2018.03.29,16430.0,290.0,16185.0,16460.0,16060.0,17452034.0,1003853.0,-283588.0
2018.03.28,16140.0,-445.0,16230.0,16245.0,15965.0,23952244.0,-4372271.0,-170047.0
2018.03.27,16585.0,160.0,16625.0,16695.0,16490.0,15096313.0,250432.0,-205094.0
2018.03.26,16425.0,275.0,16115.0,16425.0,15905.0,19223840.0,-1194581.0,78330.0
2018.03.23,16150.0,-1185.0,16605.0,16695.0,16080.0,30572550.0,-5244608.0,-273807.0
2018.03.22,17335.0,145.0,17240.0,17515.0,17190.0,19855893.0,296007.0,-15755.0
2018.03.21,17190.0,25.0,17185.0,17295.0,17135.0,9529620.0,356094.0,69396.0
2018.03.20,17165.0,150.0,16785.0,17165.0,16755.0,11253365.0,272870.0,-260742.0
2018.03.19,17015.0,-240.0,17250.0,17275.0,16955.0,14679351.0,-1685567.0,187188.0
2018.03.16,17255.0,-80.0,17280.0,17350.0,17025.0,16031335.0,-295687.0,23404.0
2018.03.15,17335.0,120.0,17240.0,17360.0,16975.0,17378534.0,810097.0,39853.0
2018.03.14,17215.0,-40.0,17000.0,17220.0,17000.0,12442515.0,13418.0,92724.0
2018.03.13,17255.0,175.0,17070.0,17255.0,17020.0,14802994.0,1750494.0,-15148.0
2018.03.12,17080.0,315.0,17105.0,17195.0,16950.0,17628997.0,791636.0,110168.0
2018.03.09,16765.0,375.0,16555.0,17050.0,16450.0,27145068.0,3570875.0,-145754.0
2018.03.08,16390.0,320.0,16315.0,16390.0,16120.0,12631481.0,785765.0,-14399.0
2018.03.07,16070.0,25.0,16100.0,16400.0,15885.0,18816781.0,1581731.0,140157.0
2018.03.06,16045.0,620.0,15730.0,16055.0,15675.0,14334983.0,2882334.0,-15656.0
2018.03.05,15425.0,-430.0,15775.0,15865.0,15405.0,19884736.0,-3671974.0,-196896.0
2018.03.02,15855.0,-435.0,15945.0,16010.0,15670.0,23767405.0,-5364056.0,-9610.0
2018.02.28,16290.0,-420.0,16610.0,16755.0,16275.0,13204995.0,-1201441.0,7979.0
2018.02.27,16710.0,-75.0,16970.0,17140.0,16710.0,13408874.0,132373.0,-86241.0
2018.02.26,16785.0,45.0,16865.0,16920.0,16665.0,10400985.0,226352.0,-103159.0
2018.02.23,16740.0,475.0,16370.0,16740.0,16370.0,13381348.0,2373162.0,160441.0
2018.02.22,16265.0,-210.0,16285.0,16350.0,16110.0,9026019.0,-380583.0,-28677.0
2018.02.21,16475.0,205.0,16320.0,16530.0,16090.0,12357472.0,836482.0,-181487.0
2018.02.20,16270.0,-430.0,16575.0,16605.0,16240.0,12291940.0,-1601520.0,251267.0
2018.02.19,16700.0,195.0,16905.0,16965.0,16505.0,18754612.0,100566.0,20809.0
2018.02.14,16505.0,385.0,16300.0,16595.0,16300.0,13907470.0,1923867.0,-210419.0
2018.02.13,16120.0,250.0,16100.0,16465.0,15950.0,24014804.0,506068.0,-277158.0
2018.02.12,15870.0,330.0,15720.0,16000.0,15540.0,18267176.0,-164516.0,-84405.0
2018.02.09,15540.0,-830.0,15320.0,15665.0,15275.0,30251675.0,-5877882.0,-80720.0
2018.02.08,16370.0,250.0,16170.0,16505.0,16035.0,26091147.0,-1594508.0,84215.0
2018.02.07,16120.0,-825.0,17215.0,17295.0,16110.0,32122967.0,-4814369.0,-182120.0
2018.02.06,16945.0,-550.0,16805.0,17045.0,16340.0,41553240.0,-6946139.0,85630.0
2018.02.05,17495.0,-410.0,17410.0,17595.0,17225.0,22071553.0,-3066537.0,52462.0
2018.02.02,17905.0,-705.0,18505.0,18540.0,17815.0,28679117.0,-5006163.0,-399582.0
2018.02.01,18610.0,-70.0,18735.0,18825.0,18540.0,11695148.0,-1291716.0,130156.0
2018.01.31,18680.0,75.0,18430.0,19135.0,18425.0,20387453.0,3321947.0,-33802.0
2018.01.30,18605.0,-490.0,19005.0,19105.0,18595.0,14410796.0,-1236458.0,-178752.0
2018.01.29,19095.0,290.0,18975.0,19240.0,18975.0,21863999.0,904338.0,426752.0
2018.01.26,18805.0,115.0,18655.0,18805.0,18565.0,10316275.0,994814.0,-194534.0
2018.01.25,18690.0,335.0,18295.0,18720.0,18285.0,19058352.0,2287120.0,-59422.0
2018.01.24,18355.0,60.0,18260.0,18515.0,18260.0,10660803.0,813807.0,173358.0
2018.01.23,18295.0,490.0,17950.0,18295.0,17920.0,10238049.0,3012858.0,-303420.0
2018.01.22,17805.0,-370.0,18120.0,18135.0,17650.0,11511571.0,-1854914.0,193133.0
2018.01.19,18175.0,35.0,18195.0,18280.0,18105.0,5732070.0,1078061.0,118638.0
2018.01.18,18140.0,-5.0,18335.0,18440.0,18100.0,11372208.0,548526.0,-67451.0
2018.01.17,18145.0,-105.0,18160.0,18255.0,18035.0,8119894.0,-108328.0,115096.0
2018.01.16,18250.0,295.0,17940.0,18295.0,17880.0,10192757.0,1568129.0,-233844.0
2018.01.15,17955.0,65.0,18060.0,18130.0,17850.0,8489742.0,-281055.0,322991.0
2018.01.12,17890.0,75.0,17930.0,17970.0,17635.0,11544928.0,-613190.0,-212203.0
2018.01.11,17815.0,-175.0,17950.0,18020.0,17725.0,10105372.0,-1264421.0,215050.0
2018.01.10,17990.0,-265.0,18345.0,18360.0,17940.0,10290704.0,-818167.0,-198342.0
2018.01.09,18255.0,-105.0,18295.0,18525.0,18090.0,12909095.0,295447.0,85735.0
2018.01.08,18360.0,250.0,18280.0,18440.0,18085.0,15383829.0,194883.0,321475.0
2018.01.05,18110.0,445.0,17750.0,18110.0,17750.0,9481613.0,2007356.0,171515.0
2018.01.04,17665.0,-260.0,18125.0,18150.0,17645.0,12928940.0,-1828250.0,277965.0
2018.01.03,17925.0,125.0,17930.0,18055.0,17860.0,7838943.0,-66142.0,226469.0
2018.01.02,17800.0,150.0,17730.0,17880.0,17655.0,7913541.0,478135.0,-201465.0
2017.12.28,17650.0,450.0,17225.0,17650.0,17220.0,10110980.0,1233227.0,298261.0
2017.12.27,17200.0,350.0,16960.0,17210.0,16890.0,8424247.0,318645.0,410569.0
2017.12.26,16850.0,-135.0,17050.0,17245.0,16850.0,11265402.0,76010.0,20639.0
2017.12.22,16985.0,145.0,16930.0,17050.0,16820.0,8355807.0,178920.0,-584339.0
2017.12.21,16840.0,-680.0,17430.0,17485.0,16840.0,15979013.0,-4761522.0,152526.0
2017.12.20,17520.0,-65.0,17500.0,17670.0,17490.0,4552535.0,-63841.0,95670.0
2017.12.19,17585.0,0.0,17685.0,17885.0,17500.0,8433845.0,-497441.0,40525.0
2017.12.18,17585.0,65.0,17580.0,17630.0,17485.0,5357833.0,-181135.0,-60060.0
2017.12.15,17520.0,-90.0,17710.0,17785.0,17455.0,8021471.0,-1209525.0,83953.0
2017.12.14,17610.0,110.0,17575.0,18010.0,17550.0,13202157.0,1271589.0,-49568.0
2017.12.13,17500.0,250.0,17300.0,17555.0,17215.0,7742364.0,445029.0,43107.0
2017.12.12,17250.0,-130.0,17400.0,17405.0,17205.0,6302026.0,-144734.0,-427200.0
2017.12.11,17380.0,45.0,17395.0,17425.0,17225.0,6083153.0,-204264.0,202689.0
2017.12.08,17335.0,70.0,17365.0,17445.0,17230.0,7525011.0,-221912.0,-79075.0
2017.12.07,17265.0,-105.0,17445.0,17470.0,17135.0,10556408.0,-706407.0,64767.0
2017.12.06,17370.0,-505.0,17890.0,17905.0,17370.0,9723406.0,-1785103.0,16932.0
2017.12.05,17875.0,125.0,17610.0,17955.0,17530.0,9405393.0,74335.0,74622.0
2017.12.04,17750.0,325.0,17550.0,17750.0,17400.0,8350341.0,332260.0,128366.0
2017.12.01,17425.0,30.0,17550.0,17580.0,17345.0,10737171.0,-444804.0,-4577.0
2017.11.30,17395.0,-640.0,17790.0,17910.0,17395.0,15334329.0,-1707169.0,-450386.0
2017.11.29,18035.0,0.0,18100.0,18210.0,17985.0,6335441.0,27175.0,28440.0
2017.11.28,18035.0,115.0,17930.0,18120.0,17825.0,8353695.0,806223.0,-741.0
2017.11.27,17920.0,-630.0,18595.0,18600.0,17900.0,17423061.0,-3115101.0,-116905.0
2017.11.24,18550.0,65.0,18510.0,18550.0,18395.0,4893586.0,-231634.0,293654.0
2017.11.23,18485.0,-75.0,18610.0,18615.0,18430.0,5012206.0,309851.0,-135964.0
2017.11.22,18560.0,175.0,18595.0,18750.0,18475.0,10104304.0,744827.0,90188.0
2017.11.21,18385.0,105.0,18400.0,18505.0,18285.0,6320868.0,18502.0,-11405.0
2017.11.20,18280.0,-180.0,18490.0,18550.0,18220.0,8613599.0,-583369.0,97909.0
2017.11.17,18460.0,-10.0,18640.0,18875.0,18460.0,16710264.0,-805046.0,25368.0
2017.11.16,18470.0,215.0,18300.0,18520.0,18225.0,8776308.0,-803144.0,-45634.0
2017.11.15,18255.0,-170.0,18370.0,18385.0,18165.0,10529989.0,655544.0,-268732.0
2017.11.14,18425.0,-55.0,18480.0,18525.0,18360.0,9655036.0,-62313.0,162061.0
2017.11.13,18480.0,-155.0,18660.0,18805.0,18430.0,12222587.0,-826261.0,-308212.0
2017.11.10,18635.0,-145.0,18580.0,18730.0,18520.0,9614641.0,-165657.0,-181846.0
2017.11.09,18780.0,-95.0,18950.0,18965.0,18570.0,15097663.0,-1904927.0,98897.0
2017.11.08,18875.0,130.0,18585.0,18990.0,18540.0,14595328.0,864898.0,-16146.0
2017.11.07,18745.0,-45.0,18805.0,18920.0,18700.0,14558853.0,-577336.0,103590.0
2017.11.06,18790.0,-170.0,18925.0,18980.0,18505.0,19903767.0,-1455266.0,19634.0
2017.11.03,18960.0,100.0,18965.0,19030.0,18695.0,14365863.0,-205884.0,-323925.0
2017.11.02,18860.0,-105.0,18980.0,19020.0,18770.0,12866372.0,-914961.0,-190493.0
2017.11.01,18965.0,560.0,18580.0,18965.0,18560.0,22356337.0,636315.0,-95610.0
2017.10.31,18405.0,390.0,18040.0,18455.0,17975.0,16874801.0,1354481.0,163754.0
2017.10.30,18015.0,90.0,18100.0,18130.0,17980.0,8176153.0,74943.0,-245684.0
2017.10.27,17925.0,225.0,17735.0,17975.0,17675.0,10223450.0,740026.0,-203042.0
2017.10.26,17700.0,-230.0,17895.0,17935.0,17700.0,7872512.0,-494785.0,-179546.0
2017.10.25,17930.0,-10.0,17975.0,17995.0,17805.0,9793889.0,-622299.0,-179245.0
2017.10.24,17940.0,-15.0,17925.0,18000.0,17910.0,6489139.0,421991.0,-48990.0
2017.10.23,17955.0,90.0,17980.0,18030.0,17855.0,10437500.0,115147.0,-58419.0
2017.10.20,17865.0,180.0,17680.0,17865.0,17680.0,6684831.0,552843.0,10501.0
2017.10.19,17685.0,-145.0,17920.0,17950.0,17620.0,12518525.0,-354883.0,-183868.0
2017.10.18,17830.0,-30.0,17810.0,17940.0,17755.0,10232528.0,-96578.0,-135139.0
2017.10.17,17860.0,55.0,17825.0,17900.0,17790.0,11154195.0,894318.0,-220518.0
2017.10.16,17805.0,90.0,17780.0,17895.0,17720.0,11770279.0,21610.0,-252135.0
2017.10.13,17715.0,-35.0,17730.0,17810.0,17670.0,12252765.0,344186.0,-427174.0
2017.10.12,17750.0,230.0,17550.0,17750.0,17545.0,24684259.0,579954.0,906548.0
2017.10.11,17520.0,315.0,17300.0,17550.0,17290.0,23569419.0,1550886.0,348549.0
2017.10.10,17205.0,600.0,16930.0,17365.0,16920.0,40447802.0,5049890.0,923281.0
2017.09.29,16605.0,230.0,16400.0,16615.0,16395.0,10183165.0,1152456.0,39675.0
2017.09.28,16375.0,35.0,16390.0,16450.0,16280.0,11396220.0,288024.0,-163297.0
2017.09.27,16340.0,-65.0,16430.0,16430.0,16310.0,6478086.0,-336149.0,-102899.0
2017.09.26,16405.0,-170.0,16470.0,16520.0,16335.0,13178550.0,-676338.0,-151808.0
2017.09.25,16575.0,-10.0,16600.0,16650.0,16490.0,9385105.0,552858.0,-480329.0
2017.09.22,16585.0,-210.0,16755.0,16870.0,16510.0,15832268.0,-373036.0,159236.0
2017.09.21,16795.0,5.0,16730.0,16855.0,16705.0,10892075.0,498592.0,73260.0
2017.09.20,16790.0,-5.0,16865.0,17030.0,16685.0,13723770.0,283177.0,160159.0
2017.09.19,16795.0,-25.0,16820.0,16875.0,16775.0,11070561.0,1010328.0,-213954.0
2017.09.18,16820.0,520.0,16345.0,16840.0,16330.0,26784496.0,2998467.0,685958.0
2017.09.15,16300.0,145.0,16115.0,16310.0,16045.0,14902234.0,1419856.0,229870.0
2017.09.14,16155.0,150.0,16045.0,16155.0,15965.0,13887125.0,-725649.0,557051.0
2017.09.13,16005.0,-10.0,16060.0,16190.0,15945.0,13355624.0,2392694.0,-51855.0
2017.09.12,16015.0,15.0,16135.0,16150.0,15950.0,11555621.0,-407562.0,-64968.0
2017.09.11,16000.0,275.0,15835.0,16120.0,15835.0,15320396.0,1934140.0,190192.0
2017.09.08,15725.0,20.0,15740.0,15775.0,15655.0,7679635.0,930117.0,-79357.0
2017.09.07,15705.0,385.0,15410.0,15735.0,15395.0,18443658.0,2331937.0,130885.0
2017.09.06,15320.0,-70.0,15350.0,15370.0,15235.0,12933225.0,-1293409.0,-173617.0
2017.09.05,15390.0,-35.0,15520.0,15550.0,15315.0,11685169.0,-610387.0,-39016.0
2017.09.04,15425.0,-330.0,15275.0,15625.0,15265.0,18303292.0,-2073706.0,-74476.0
2017.09.01,15755.0,-30.0,15880.0,15915.0,15655.0,12020348.0,229422.0,202940.0
2017.08.31,15785.0,-185.0,15970.0,16025.0,15715.0,10279544.0,-855938.0,-234661.0
2017.08.30,15970.0,110.0,15920.0,15970.0,15835.0,6892533.0,987990.0,-6523.0
2017.08.29,15860.0,-95.0,15775.0,15860.0,15405.0,21930727.0,-2306247.0,122525.0
2017.08.28,15955.0,-180.0,16100.0,16190.0,15910.0,12220586.0,-2621305.0,35005.0
2017.08.25,16135.0,35.0,16195.0,16235.0,16060.0,10901734.0,141196.0,38163.0
2017.08.24,16100.0,140.0,15985.0,16180.0,15985.0,13101802.0,2351144.0,-28087.0
2017.08.23,15960.0,5.0,16130.0,16145.0,15905.0,9878901.0,-906840.0,-76225.0
2017.08.22,15955.0,145.0,15885.0,16010.0,15865.0,10541036.0,450365.0,59305.0
2017.08.21,15810.0,-55.0,15940.0,15950.0,15765.0,7852143.0,-619994.0,165825.0
2017.08.18,15865.0,-45.0,15640.0,15910.0,15625.0,10381231.0,-373765.0,-134146.0
2017.08.17,15910.0,190.0,15780.0,15960.0,15710.0,13347967.0,1851044.0,60559.0
2017.08.16,15720.0,175.0,15815.0,15885.0,15685.0,12515498.0,615650.0,-85996.0
2017.08.14,15545.0,260.0,15490.0,15600.0,15415.0,14301940.0,426710.0,-94376.0
2017.08.11,15285.0,-570.0,15370.0,15515.0,15205.0,27772327.0,-4757737.0,74686.0
2017.08.10,15855.0,-165.0,15905.0,16020.0,15620.0,23895271.0,-1616780.0,68768.0
2017.08.09,16020.0,-385.0,16175.0,16265.0,15960.0,17797764.0,-2835604.0,29258.0
2017.08.08,16405.0,-60.0,16540.0,16630.0,16230.0,17238500.0,22904.0,26743.0
2017.08.07,16465.0,20.0,16485.0,16645.0,16420.0,11244272.0,359264.0,-55960.0
2017.08.04,16445.0,150.0,16290.0,16495.0,16255.0,14919234.0,1635321.0,-69024.0
2017.08.03,16295.0,-575.0,16800.0,16805.0,16070.0,32917200.0,-4341442.0,224057.0
2017.08.02,16870.0,70.0,16905.0,16985.0,16845.0,8546343.0,-362684.0,-107393.0
2017.08.01,16800.0,275.0,16445.0,16980.0,16400.0,16655452.0,1015292.0,102064.0
2017.07.31,16525.0,10.0,16345.0,16570.0,16345.0,15509075.0,975523.0,-339666.0
2017.07.28,16515.0,-660.0,17050.0,17055.0,16490.0,34557940.0,-3932008.0,-487690.0
2017.07.27,17175.0,95.0,17170.0,17275.0,17100.0,12936883.0,-336531.0,186342.0
2017.07.26,17080.0,-135.0,17265.0,17270.0,17020.0,23111898.0,-1799862.0,337697.0
2017.07.25,17215.0,-105.0,17320.0,17345.0,17145.0,16556041.0,-1040236.0,-480623.0
2017.07.24,17320.0,25.0,17300.0,17320.0,17235.0,11310807.0,-211915.0,-721308.0
2017.07.21,17295.0,125.0,17130.0,17325.0,17115.0,14176976.0,-656301.0,112942.0
2017.07.20,17170.0,175.0,17090.0,17205.0,17000.0,12197594.0,904606.0,109243.0
2017.07.19,16995.0,25.0,17030.0,17030.0,16880.0,13312043.0,-884976.0,-190055.0
2017.07.18,16970.0,10.0,16950.0,16970.0,16880.0,13709972.0,-216734.0,67938.0
2017.07.17,16960.0,150.0,17020.0,17050.0,16895.0,12274074.0,433085.0,-175074.0
2017.07.14,16810.0,30.0,16850.0,16910.0,16790.0,9677133.0,-1062042.0,51133.0
2017.07.13,16780.0,360.0,16565.0,16930.0,16565.0,35830764.0,579080.0,815709.0
2017.07.12,16420.0,-20.0,16425.0,16500.0,16400.0,14408383.0,-453099.0,62739.0
2017.07.11,16440.0,195.0,16275.0,16450.0,16255.0,18320630.0,2252212.0,189765.0
2017.07.10,16245.0,90.0,16255.0,16340.0,16165.0,10592665.0,2058189.0,-179343.0
2017.07.07,16155.0,-115.0,16140.0,16240.0,16065.0,13227345.0,-1213512.0,-150099.0
2017.07.06,16270.0,-10.0,16335.0,16345.0,16185.0,8657707.0,-356506.0,121220.0
2017.07.05,16280.0,120.0,16095.0,16305.0,16060.0,13805051.0,1019964.0,-291165.0
2017.07.04,16160.0,-165.0,16355.0,16385.0,16115.0,23907034.0,-739392.0,-473213.0
2017.07.03,16325.0,50.0,16350.0,16380.0,16205.0,10408043.0,-853735.0,26069.0
2017.06.30,16275.0,-85.0,16175.0,16275.0,16130.0,15835757.0,-947415.0,-98061.0
2017.06.29,16360.0,200.0,16315.0,16465.0,16315.0,13387527.0,6240.0,814320.0
2017.06.28,16160.0,-85.0,16115.0,16250.0,16095.0,10454493.0,-531298.0,21522.0
2017.06.27,16245.0,-5.0,16195.0,16340.0,16175.0,14411535.0,-198203.0,-166499.0
2017.06.26,16250.0,170.0,16105.0,16275.0,16090.0,22701165.0,190480.0,411087.0
2017.06.23,16080.0,80.0,15990.0,16135.0,15970.0,17169838.0,691684.0,304530.0
2017.06.22,16000.0,205.0,15885.0,16000.0,15795.0,12754249.0,2444372.0,440591.0
2017.06.21,15795.0,-195.0,15815.0,15865.0,15690.0,16189226.0,-1187854.0,-455497.0
2017.06.20,15990.0,65.0,16075.0,16095.0,15935.0,15668631.0,398304.0,201292.0
2017.06.19,15925.0,170.0,15765.0,15995.0,15680.0,15375512.0,1131280.0,337877.0
2017.06.16,15755.0,20.0,15750.0,15815.0,15675.0,9000663.0,407768.0,100760.0
2017.06.15,15735.0,-135.0,15845.0,15950.0,15570.0,25612127.0,-1668010.0,-79877.0
2017.06.14,15870.0,-25.0,16000.0,16085.0,15785.0,16305955.0,-1332843.0,-20234.0
2017.06.13,15895.0,210.0,15705.0,15905.0,15705.0,11538497.0,2065274.0,179576.0
2017.06.12,15685.0,-325.0,15815.0,15910.0,15655.0,22153293.0,-3053565.0,-853627.0
2017.06.09,16010.0,235.0,15820.0,16075.0,15800.0,25603484.0,1048365.0,541282.0
2017.06.08,15775.0,135.0,15680.0,15785.0,15500.0,17072035.0,1030968.0,-277654.0
2017.06.07,15640.0,-180.0,15770.0,15845.0,15640.0,12840849.0,-1634031.0,302715.0
2017.06.05,15820.0,-55.0,15925.0,15960.0,15790.0,14298678.0,-906817.0,-231312.0
2017.06.02,15875.0,380.0,15600.0,15890.0,15600.0,19925359.0,2808759.0,314013.0
2017.06.01,15495.0,-90.0,15560.0,15625.0,15400.0,15551699.0,-521533.0,77851.0
2017.05.31,15585.0,10.0,15500.0,15730.0,15475.0,14809923.0,260409.0,129340.0
2017.05.30,15575.0,-205.0,15765.0,15805.0,15410.0,27495727.0,-1658061.0,-298342.0
2017.05.29,15780.0,-40.0,15935.0,16035.0,15615.0,30953915.0,-2189568.0,282450.0
2017.05.26,15820.0,185.0,15660.0,15965.0,15615.0,27132907.0,-1119311.0,-192372.0
2017.05.25,15635.0,360.0,15400.0,15640.0,15330.0,23288586.0,1124585.0,144027.0
2017.05.24,15275.0,50.0,15315.0,15385.0,15235.0,11583778.0,-519008.0,-153171.0
2017.05.23,15225.0,90.0,15200.0,15460.0,15160.0,30096461.0,-233487.0,219452.0
2017.05.22,15135.0,215.0,15100.0,15170.0,15000.0,13404923.0,797578.0,57572.0
2017.05.19,14920.0,-55.0,14950.0,15015.0,14880.0,10811607.0,-931438.0,-63856.0
2017.05.18,14975.0,-65.0,14760.0,14980.0,14675.0,20182756.0,-549827.0,37675.0
2017.05.17,15040.0,-30.0,14965.0,15100.0,14915.0,14058944.0,-134953.0,-71587.0
2017.05.16,15070.0,40.0,15210.0,15290.0,14925.0,18636165.0,-539556.0,-139115.0
2017.05.15,15030.0,90.0,14970.0,15115.0,14880.0,9905119.0,-54509.0,114867.0
2017.05.12,14940.0,-140.0,15100.0,15130.0,14905.0,11608256.0,-300433.0,-63890.0
2017.05.11,15080.0,315.0,14905.0,15140.0,14785.0,20841459.0,160712.0,149439.0
2017.05.10,14765.0,-305.0,15135.0,15635.0,14680.0,26834728.0,-340097.0,-833508.0
2017.05.08,15070.0,735.0,14410.0,15080.0,14370.0,19000858.0,-667279.0,183811.0
2017.05.04,14335.0,280.0,14155.0,14335.0,14150.0,10047380.0,601589.0,102142.0
2017.05.02,14055.0,230.0,13935.0,14220.0,13935.0,12030316.0,1179297.0,-83856.0
2017.04.28,13825.0,10.0,13865.0,13960.0,13815.0,10921010.0,195071.0,-455021.0
2017.04.27,13815.0,65.0,13720.0,13825.0,13695.0,9368165.0,977410.0,100356.0
2017.04.26,13750.0,150.0,13675.0,13805.0,13670.0,18978351.0,427954.0,278881.0
2017.04.25,13600.0,280.0,13340.0,13615.0,13335.0,22960992.0,2327728.0,298190.0
2017.04.24,13320.0,125.0,13295.0,13365.0,13250.0,9242417.0,951251.0,74941.0
2017.04.21,13195.0,240.0,13075.0,13235.0,13035.0,16277750.0,3206482.0,-4726.0
2017.04.20,12955.0,85.0,12810.0,12975.0,12765.0,8504806.0,1118284.0,17720.0
2017.04.19,12870.0,-125.0,12945.0,13000.0,12785.0,10339091.0,-1277481.0,-162039.0
2017.04.18,12995.0,-5.0,13115.0,13135.0,12910.0,9720904.0,-532314.0,-32798.0
2017.04.17,13000.0,70.0,12960.0,13095.0,12940.0,8344614.0,250878.0,-66760.0
2017.04.14,12930.0,-125.0,12970.0,13000.0,12780.0,9492492.0,-1012631.0,-186170.0
2017.04.13,13055.0,250.0,12845.0,13055.0,12795.0,11196857.0,1327132.0,8509.0
2017.04.12,12805.0,15.0,12795.0,12820.0,12740.0,6510668.0,100225.0,-102700.0
2017.04.11,12790.0,-115.0,12845.0,12925.0,12710.0,10722749.0,-1288583.0,20818.0
2017.04.10,12905.0,-160.0,13055.0,13055.0,12865.0,11503366.0,-1594601.0,-113188.0
2017.04.07,13065.0,-30.0,13150.0,13160.0,12960.0,10755364.0,-393132.0,-125112.0
2017.04.06,13095.0,-115.0,13130.0,13135.0,12995.0,10473873.0,-311443.0,-598562.0
2017.04.05,13210.0,-45.0,13270.0,13295.0,13055.0,11254856.0,-1197033.0,-270952.0
2017.04.04,13255.0,-70.0,13295.0,13340.0,13200.0,5519236.0,-47536.0,-157334.0
2017.04.03,13325.0,60.0,13315.0,13415.0,13270.0,5787131.0,729936.0,-147859.0
2017.03.31,13265.0,-45.0,13340.0,13365.0,13240.0,6013342.0,-246028.0,-381827.0
2017.03.30,13310.0,-20.0,13350.0,13445.0,13260.0,7542334.0,100001.0,-292579.0
2017.03.29,13330.0,65.0,13375.0,13380.0,13260.0,5152313.0,573455.0,-366593.0
2017.03.28,13265.0,70.0,13310.0,13340.0,13215.0,4986058.0,870.0,24799.0
2017.03.27,13195.0,-170.0,13255.0,13320.0,13150.0,11166336.0,-414471.0,-570021.0
2017.03.24,13365.0,-45.0,13435.0,13520.0,13305.0,10280383.0,-584880.0,49.0
2017.03.23,13410.0,40.0,13455.0,13530.0,13385.0,10577550.0,-156467.0,-213.0
2017.03.22,13370.0,-105.0,13280.0,13380.0,13240.0,14537013.0,-160916.0,-388368.0
2017.03.21,13475.0,245.0,13320.0,13555.0,13265.0,14482728.0,459046.0,68752.0
2017.03.20,13230.0,-35.0,13240.0,13245.0,13135.0,6653296.0,-354113.0,-174510.0
2017.03.17,13265.0,130.0,13150.0,13290.0,13125.0,9649707.0,916457.0,73619.0
2017.03.16,13135.0,185.0,13210.0,13290.0,13095.0,11264071.0,-72145.0,-292993.0
2017.03.15,12950.0,30.0,12910.0,12980.0,12870.0,6666284.0,565809.0,173313.0
2017.03.14,12920.0,220.0,12780.0,12935.0,12780.0,9638072.0,1360746.0,284206.0
2017.03.13,12700.0,265.0,12470.0,12775.0,12455.0,19683258.0,3306666.0,451439.0
2017.03.10,12435.0,50.0,12335.0,12505.0,12255.0,14137377.0,1436270.0,-1273859.0
2017.03.09,12385.0,-55.0,12450.0,12490.0,12375.0,7486869.0,-531975.0,-611108.0
2017.03.08,12440.0,40.0,12375.0,12510.0,12340.0,10576452.0,371377.0,215573.0
2017.03.07,12400.0,130.0,12290.0,12455.0,12265.0,12345935.0,1395521.0,950937.0
2017.03.06,12270.0,35.0,12140.0,12290.0,12110.0,8098329.0,178820.0,164725.0
2017.03.03,12235.0,-240.0,12365.0,12395.0,12165.0,18077236.0,-2147535.0,-1205922.0
2017.03.02,12475.0,220.0,12425.0,12555.0,12375.0,15232931.0,1968372.0,840761.0
2017.02.28,12255.0,30.0,12230.0,12305.0,12205.0,4970700.0,38711.0,49296.0
2017.02.27,12225.0,-90.0,12325.0,12350.0,12160.0,8106796.0,-649843.0,-298008.0
2017.02.24,12315.0,-195.0,12500.0,12530.0,12270.0,14004349.0,-1810025.0,-210130.0
2017.02.23,12510.0,5.0,12505.0,12535.0,12465.0,4189990.0,178420.0,-117267.0
2017.02.22,12505.0,50.0,12485.0,12545.0,12470.0,6451942.0,-102988.0,-200728.0
2017.02.21,12455.0,220.0,12255.0,12565.0,12235.0,19830751.0,2027804.0,515686.0
2017.02.20,12235.0,75.0,12190.0,12235.0,12145.0,4655725.0,712223.0,171210.0
2017.02.17,12160.0,0.0,12085.0,12190.0,12080.0,4337419.0,-191762.0,70160.0
2017.02.16,12160.0,-5.0,12210.0,12285.0,12130.0,6991959.0,83471.0,-87390.0
2017.02.15,12165.0,65.0,12070.0,12205.0,12030.0,7464828.0,1580216.0,-116640.0
2017.02.14,12100.0,-55.0,12220.0,12225.0,12030.0,8351179.0,-745450.0,-100336.0
2017.02.13,12155.0,0.0,12140.0,12170.0,12110.0,4496442.0,-3906.0,-238219.0
2017.02.10,12155.0,55.0,12210.0,12265.0,12140.0,9279501.0,433882.0,493619.0
2017.02.09,12100.0,25.0,12095.0,12175.0,12025.0,7374581.0,709148.0,-18612.0
2017.02.08,12075.0,-105.0,12150.0,12150.0,11905.0,18545100.0,-149706.0,-828040.0
2017.02.07,12180.0,-50.0,12260.0,12265.0,12150.0,5979663.0,-400802.0,-98084.0
2017.02.06,12230.0,55.0,12365.0,12400.0,12175.0,9208163.0,-390285.0,552855.0
2017.02.03,12175.0,35.0,12205.0,12240.0,12055.0,8423080.0,715418.0,-663830.0
2017.02.02,12140.0,-115.0,12245.0,12390.0,12115.0,9824249.0,-952168.0,167397.0
2017.02.01,12255.0,85.0,12225.0,12270.0,12195.0,5346444.0,221390.0,326089.0
2017.01.31,12170.0,-150.0,12245.0,12265.0,12155.0,6444635.0,-973757.0,-569395.0
2017.01.26,12320.0,205.0,12200.0,12375.0,12135.0,14001894.0,1531030.0,471210.0
2017.01.25,12115.0,80.0,12195.0,12195.0,12035.0,7140600.0,624347.0,-88976.0
2017.01.24,12035.0,25.0,12065.0,12140.0,11985.0,6491743.0,474899.0,-189345.0
2017.01.23,12010.0,-20.0,12005.0,12100.0,11885.0,7092722.0,-324443.0,37020.0
2017.01.20,12030.0,-55.0,11995.0,12065.0,11975.0,5443988.0,-394923.0,8534.0
2017.01.19,12085.0,25.0,12175.0,12310.0,11965.0,14283320.0,-157122.0,18788.0
2017.01.18,12060.0,-10.0,12070.0,12130.0,11895.0,9685452.0,-133970.0,36348.0
2017.01.17,12070.0,85.0,12010.0,12170.0,12010.0,8089270.0,1131043.0,205271.0
2017.01.16,11985.0,-145.0,12100.0,12165.0,11920.0,10017067.0,-477604.0,24753.0
2017.01.13,12130.0,-60.0,12150.0,12180.0,12110.0,6881093.0,-232264.0,-225254.0
2017.01.12,12190.0,55.0,12170.0,12230.0,12130.0,9967634.0,519335.0,-321777.0
2017.01.11,12135.0,430.0,11730.0,12205.0,11730.0,19923850.0,4719633.0,360518.0
2017.01.10,11705.0,-30.0,11670.0,11740.0,11650.0,4836499.0,60251.0,-24050.0
2017.01.09,11735.0,60.0,11705.0,11765.0,11690.0,5444061.0,826803.0,-216727.0
2017.01.06,11675.0,95.0,11630.0,11720.0,11630.0,8497670.0,1514211.0,281975.0
2017.01.05,11580.0,-65.0,11635.0,11655.0,11575.0,6167418.0,-438442.0,-415519.0
2017.01.04,11645.0,20.0,11625.0,11660.0,11600.0,6850002.0,-174047.0,413839.0
2017.01.03,11625.0,185.0,11505.0,11625.0,11470.0,9951600.0,1531560.0,437285.0
2017.01.02,11440.0,75.0,11365.0,11500.0,11285.0,6384908.0,131574.0,742152.0
2016.12.29,11365.0,10.0,11330.0,11365.0,11285.0,4213916.0,-282452.0,648552.0
2016.12.28,11355.0,95.0,11330.0,11395.0,11325.0,9052346.0,2766741.0,-494188.0
2016.12.27,11260.0,20.0,11255.0,11295.0,11245.0,4873050.0,690219.0,265610.0
2016.12.26,11240.0,15.0,11245.0,11260.0,11215.0,3121942.0,-128479.0,59690.0
2016.12.23,11225.0,-30.0,11245.0,11255.0,11210.0,3654174.0,792387.0,-57250.0
2016.12.22,11255.0,-10.0,11290.0,11310.0,11235.0,4539370.0,208411.0,20260.0
2016.12.21,11265.0,-35.0,11345.0,11410.0,11265.0,9679076.0,394315.0,-556272.0
2016.12.20,11300.0,55.0,11265.0,11320.0,11250.0,7742021.0,1251366.0,153177.0
2016.12.19,11245.0,5.0,11180.0,11285.0,11180.0,5242785.0,565967.0,-75522.0
2016.12.16,11240.0,40.0,11155.0,11260.0,11145.0,7393411.0,1193183.0,-366122.0
2016.12.15,11200.0,5.0,11050.0,11235.0,11030.0,7997965.0,1071387.0,-719770.0
2016.12.14,11195.0,20.0,11260.0,11320.0,11175.0,9783630.0,798733.0,-30141.0
2016.12.13,11175.0,50.0,11135.0,11185.0,11095.0,7920706.0,1188414.0,-158938.0
2016.12.12,11125.0,-20.0,11210.0,11225.0,11065.0,10166769.0,253084.0,106350.0
2016.12.09,11145.0,30.0,11120.0,11165.0,11085.0,13632335.0,2289234.0,168621.0
2016.12.08,11115.0,340.0,10970.0,11120.0,10950.0,40536224.0,11339651.0,2130827.0
2016.12.07,10775.0,60.0,10780.0,10815.0,10735.0,12732162.0,2994658.0,54104.0
2016.12.06,10715.0,235.0,10600.0,10765.0,10600.0,23814945.0,9361578.0,899115.0
2016.12.05,10480.0,-30.0,10465.0,10520.0,10405.0,10412107.0,-1150821.0,128783.0
2016.12.02,10510.0,-140.0,10570.0,10605.0,10470.0,16761747.0,-4625640.0,-257580.0
2016.12.01,10650.0,10.0,10650.0,10690.0,10605.0,10958431.0,1235830.0,-118378.0
2016.11.30,10640.0,105.0,10540.0,10680.0,10525.0,18809696.0,5313045.0,5640.0
2016.11.29,10535.0,0.0,10525.0,10575.0,10490.0,9568808.0,-164511.0,148399.0
2016.11.28,10535.0,65.0,10475.0,10560.0,10350.0,13635768.0,2563213.0,-127100.0
2016.11.25,10470.0,10.0,10500.0,10525.0,10435.0,9615240.0,-726667.0,-95155.0
2016.11.24,10460.0,-105.0,10565.0,10595.0,10415.0,12184217.0,-2060741.0,-135713.0
2016.11.23,10565.0,70.0,10505.0,10650.0,10470.0,17722924.0,4586181.0,165582.0
2016.11.22,10495.0,240.0,10330.0,10520.0,10325.0,18999121.0,7657657.0,115788.0
2016.11.21,10255.0,-65.0,10260.0,10335.0,10220.0,13770656.0,-1465091.0,188943.0
2016.11.18,10320.0,10.0,10365.0,10370.0,10225.0,13486395.0,86401.0,-194940.0
2016.11.17,10310.0,-25.0,10275.0,10345.0,10190.0,15617394.0,-1095128.0,-5883.0
2016.11.16,10335.0,80.0,10360.0,10405.0,10310.0,14363178.0,1863254.0,-133684.0
2016.11.15,10255.0,-85.0,10310.0,10375.0,10255.0,16555646.0,-4018732.0,302351.0
2016.11.14,10340.0,-155.0,10460.0,10500.0,10310.0,21546414.0,-4504953.0,-192907.0
2016.11.11,10495.0,-205.0,10545.0,10605.0,10455.0,19151265.0,-4011862.0,-792685.0
2016.11.10,10700.0,405.0,10590.0,10730.0,10530.0,39321507.0,15770861.0,164123.0
2016.11.09,10295.0,-450.0,10830.0,10890.0,10075.0,92379630.0,-21936425.0,-324925.0
2016.11.08,10745.0,35.0,10810.0,10810.0,10645.0,18625527.0,-1851637.0,300397.0
2016.11.07,10710.0,190.0,10680.0,10760.0,10645.0,16003241.0,2532087.0,122471.0
2016.11.04,10520.0,-60.0,10545.0,10575.0,10480.0,11018887.0,-1629906.0,-104853.0
2016.11.03,10580.0,45.0,10500.0,10610.0,10465.0,18029027.0,379164.0,305287.0
2016.11.02,10535.0,-265.0,10650.0,10685.0,10520.0,29135698.0,-9894403.0,-921155.0
2016.11.01,10800.0,5.0,10785.0,10815.0,10600.0,21663007.0,-1738692.0,-178173.0
2016.10.31,10795.0,-45.0,10735.0,10855.0,10715.0,8300529.0,109864.0,-249951.0
2016.10.28,10840.0,-10.0,10800.0,10905.0,10800.0,11647843.0,-244551.0,222436.0
2016.10.27,10850.0,110.0,10800.0,10865.0,10770.0,15128712.0,4235524.0,194133.0
2016.10.26,10740.0,-265.0,10910.0,10920.0,10645.0,31937842.0,-10443067.0,-609065.0
2016.10.25,11005.0,-40.0,11025.0,11055.0,10965.0,8885895.0,-809863.0,-230970.0
2016.10.24,11045.0,155.0,10970.0,11065.0,10960.0,15200292.0,3494040.0,509677.0
2016.10.21,10890.0,-95.0,10965.0,11015.0,10875.0,11078488.0,-1746610.0,220536.0
2016.10.20,10985.0,25.0,10995.0,11075.0,10970.0,9933090.0,1094143.0,-158386.0
2016.10.19,10960.0,10.0,10905.0,11075.0,10885.0,16535137.0,1256039.0,337095.0
2016.10.18,10950.0,155.0,10805.0,10955.0,10800.0,12685579.0,2522888.0,295214.0
2016.10.17,10795.0,35.0,10780.0,10860.0,10605.0,20152148.0,1437831.0,156675.0
2016.10.14,10760.0,105.0,10705.0,10815.0,10695.0,13547647.0,1766322.0,53715.0
2016.10.13,10655.0,-205.0,10810.0,10840.0,10620.0,22044213.0,-5378599.0,-96625.0
2016.10.12,10860.0,0.0,10745.0,10885.0,10720.0,16636645.0,-1226048.0,6483.0
2016.10.11,10860.0,-335.0,11145.0,11205.0,10850.0,29113946.0,-7548932.0,-743487.0
2016.10.10,11195.0,55.0,11070.0,11205.0,10975.0,9297628.0,325693.0,-82849.0
2016.10.07,11140.0,-85.0,11215.0,11245.0,11140.0,5258513.0,-463173.0,-101819.0
2016.10.06,11225.0,145.0,11230.0,11260.0,11125.0,12149907.0,2215636.0,379895.0
2016.10.05,11080.0,10.0,10925.0,11110.0,10865.0,12600832.0,186019.0,-145319.0
2016.10.04,11070.0,130.0,11055.0,11135.0,11030.0,8378604.0,1129426.0,113487.0
2016.09.30,10940.0,-255.0,11025.0,11085.0,10935.0,11400129.0,-2365745.0,-373236.0
2016.09.29,11195.0,160.0,11130.0,11250.0,11125.0,13191573.0,1999125.0,468045.0
2016.09.28,11035.0,-70.0,11085.0,11100.0,11010.0,7099229.0,-228324.0,109869.0
2016.09.27,11105.0,155.0,10860.0,11135.0,10765.0,17795333.0,2011692.0,-157478.0
2016.09.26,10950.0,-60.0,11000.0,11105.0,10915.0,8975984.0,658585.0,-131001.0
2016.09.23,11010.0,-5.0,11085.0,11090.0,10985.0,8481427.0,89785.0,6709.0
2016.09.22,11015.0,170.0,10990.0,11120.0,10985.0,20144767.0,3926350.0,1090421.0
2016.09.21,10845.0,135.0,10695.0,10845.0,10675.0,13339677.0,1098253.0,-93014.0
2016.09.20,10710.0,25.0,10600.0,10720.0,10585.0,9907476.0,257167.0,47727.0
2016.09.19,10685.0,205.0,10400.0,10690.0,10400.0,11610263.0,1610313.0,353863.0
2016.09.13,10480.0,80.0,10640.0,10640.0,10470.0,17864986.0,-276219.0,78992.0
2016.09.12,10400.0,-550.0,10580.0,10650.0,10400.0,25078756.0,-7743667.0,-996017.0
2016.09.09,10950.0,-255.0,11055.0,11075.0,10885.0,17297490.0,-1016471.0,-2874265.0
2016.09.08,11205.0,5.0,11220.0,11315.0,11150.0,9055405.0,-450815.0,177559.0
2016.09.07,11200.0,-50.0,11265.0,11370.0,11200.0,10723109.0,1233236.0,-108595.0
2016.09.06,11250.0,80.0,11170.0,11255.0,11165.0,8536534.0,1211215.0,253601.0
2016.09.05,11170.0,265.0,11005.0,11180.0,11000.0,14046381.0,3026112.0,678053.0
2016.09.02,10905.0,50.0,10875.0,10905.0,10820.0,7809053.0,334666.0,-25914.0
2016.09.01,10855.0,-65.0,10800.0,10855.0,10700.0,13033655.0,-839008.0,-272542.0
2016.08.31,10920.0,-75.0,10985.0,11010.0,10875.0,8058033.0,-664048.0,-129603.0
2016.08.30,10995.0,90.0,10970.0,11120.0,10970.0,15053249.0,480086.0,999238.0
2016.08.29,10905.0,-10.0,10775.0,10935.0,10730.0,8933675.0,190748.0,-64665.0
2016.08.26,10915.0,-60.0,10910.0,10935.0,10800.0,9845876.0,370130.0,3788.0
2016.08.25,10975.0,5.0,10940.0,11035.0,10885.0,7979945.0,745727.0,-17004.0
2016.08.24,10970.0,-100.0,11040.0,11075.0,10925.0,8661713.0,-287208.0,-388655.0
2016.08.23,11070.0,115.0,10975.0,11070.0,10965.0,9860349.0,1958720.0,26520.0
2016.08.22,10955.0,-115.0,11045.0,11060.0,10940.0,8191150.0,66789.0,-52187.0
2016.08.19,11070.0,40.0,11060.0,11085.0,11000.0,12168851.0,707504.0,69995.0
2016.08.18,11030.0,160.0,10885.0,11030.0,10855.0,12168153.0,2254897.0,51795.0
2016.08.17,10870.0,-30.0,10850.0,10910.0,10785.0,9795138.0,439916.0,112088.0
2016.08.16,10900.0,0.0,10980.0,11040.0,10900.0,9537864.0,164615.0,-49199.0
2016.08.12,10900.0,65.0,10915.0,11035.0,10860.0,16912741.0,992468.0,-43029.0
2016.08.11,10835.0,30.0,10805.0,10840.0,10740.0,9252708.0,843399.0,-286168.0
2016.08.10,10805.0,-65.0,10850.0,10910.0,10805.0,12370577.0,-482553.0,125673.0
2016.08.09,10870.0,170.0,10720.0,10905.0,10705.0,19830333.0,4465232.0,170190.0
2016.08.08,10700.0,135.0,10680.0,10745.0,10595.0,15463977.0,1738194.0,108342.0
2016.08.05,10565.0,235.0,10365.0,10565.0,10360.0,16729858.0,4070074.0,215026.0
2016.08.04,10330.0,30.0,10380.0,10400.0,10270.0,13042268.0,-855758.0,-146989.0
2016.08.03,10300.0,-250.0,10420.0,10420.0,10270.0,18918804.0,-1351852.0,-224895.0
2016.08.02,10550.0,-160.0,10655.0,10675.0,10535.0,9011101.0,-1691163.0,-169031.0
2016.08.01,10710.0,160.0,10620.0,10730.0,10615.0,12493352.0,2364112.0,189440.0
2016.07.29,10550.0,5.0,10545.0,10675.0,10520.0,15501485.0,1026547.0,73246.0
2016.07.28,10545.0,-70.0,10625.0,10655.0,10500.0,10831281.0,-301888.0,-97657.0
2016.07.27,10615.0,0.0,10630.0,10670.0,10605.0,9611261.0,387094.0,24252.0
2016.07.26,10615.0,175.0,10415.0,10625.0,10390.0,15813785.0,4488682.0,106748.0
2016.07.25,10440.0,15.0,10470.0,10520.0,10390.0,12581748.0,325962.0,-39874.0
2016.07.22,10425.0,-10.0,10335.0,10460.0,10300.0,10024872.0,-26690.0,-10915.0
2016.07.21,10435.0,20.0,10500.0,10515.0,10395.0,10141278.0,387436.0,64439.0
2016.07.20,10415.0,-30.0,10435.0,10445.0,10310.0,10292557.0,319184.0,28209.0
2016.07.19,10445.0,-45.0,10525.0,10525.0,10400.0,11282136.0,-161620.0,124614.0
2016.07.18,10490.0,50.0,10465.0,10535.0,10445.0,10811822.0,744756.0,441654.0
2016.07.15,10440.0,90.0,10445.0,10530.0,10380.0,23298626.0,5172608.0,248977.0
2016.07.14,10350.0,45.0,10315.0,10390.0,10275.0,16090227.0,2494008.0,41685.0
2016.07.13,10305.0,135.0,10320.0,10405.0,10230.0,29089832.0,5596149.0,717915.0
2016.07.12,10170.0,-10.0,10200.0,10285.0,10115.0,24658022.0,2230932.0,129168.0
2016.07.11,10180.0,300.0,10035.0,10210.0,10035.0,37571816.0,12246175.0,1274671.0
2016.07.08,9880.0,-95.0,9930.0,10025.0,9835.0,22805970.0,-2006997.0,-145000.0
2016.07.07,9975.0,215.0,9860.0,10020.0,9810.0,30176771.0,8128168.0,82871.0
2016.07.06,9760.0,-405.0,10075.0,10080.0,9680.0,49026566.0,-17074401.0,40912.0
2016.07.05,10165.0,-35.0,10175.0,10200.0,10110.0,11645807.0,1520615.0,47196.0
2016.07.04,10200.0,70.0,10140.0,10225.0,10100.0,16449811.0,4195551.0,-104035.0
2016.07.01,10130.0,215.0,9950.0,10190.0,9950.0,36572778.0,13204385.0,96793.0
2016.06.30,9915.0,90.0,9935.0,9950.0,9820.0,28293217.0,5012756.0,-567.0
2016.06.29,9825.0,220.0,9705.0,9920.0,9665.0,38691707.0,5778706.0,106284.0
2016.06.28,9605.0,35.0,9395.0,9660.0,9360.0,31030402.0,61046.0,-22474.0
2016.06.27,9570.0,65.0,9440.0,9570.0,9360.0,32670657.0,105833.0,110797.0
2016.06.24,9505.0,-650.0,10255.0,10285.0,9265.0,97798405.0,-30309497.0,-302206.0
2016.06.23,10155.0,-5.0,10145.0,10190.0,10110.0,11629269.0,81313.0,106936.0
2016.06.22,10160.0,125.0,10040.0,10200.0,10000.0,20431431.0,2936073.0,-55334.0
2016.06.21,10035.0,0.0,10010.0,10055.0,9945.0,17224968.0,-1291137.0,123716.0
2016.06.20,10035.0,250.0,9965.0,10060.0,9935.0,23529691.0,5216591.0,-36072.0
2016.06.17,9785.0,45.0,9860.0,9950.0,9760.0,20738148.0,-943587.0,-248338.0
2016.06.16,9740.0,-150.0,9910.0,9930.0,9680.0,25956100.0,-8903665.0,122696.0
2016.06.15,9890.0,-30.0,9870.0,9970.0,9810.0,15145314.0,-2928726.0,-1587.0
2016.06.14,9920.0,-75.0,9935.0,10000.0,9840.0,15996329.0,-3485799.0,14299.0
2016.06.13,9995.0,-395.0,10225.0,10255.0,9980.0,16957827.0,-4391990.0,-17035.0
2016.06.10,10390.0,-65.0,10480.0,10480.0,10390.0,7479833.0,686204.0,41991.0
2016.06.09,10455.0,-25.0,10465.0,10595.0,10375.0,23755009.0,5197196.0,51635.0
2016.06.08,10480.0,185.0,10300.0,10480.0,10290.0,20265932.0,8727259.0,-19503.0
2016.06.07,10295.0,270.0,10095.0,10295.0,10090.0,22370606.0,10408938.0,9470.0
2016.06.03,10025.0,25.0,10035.0,10060.0,9980.0,9524575.0,1983551.0,86172.0
2016.06.02,10000.0,50.0,9960.0,10010.0,9935.0,9738776.0,2374424.0,57243.0
2016.06.01,9950.0,25.0,9880.0,9995.0,9860.0,13380923.0,3104657.0,-84905.0
2016.05.31,9925.0,120.0,9790.0,9950.0,9695.0,19357282.0,4769393.0,82159.0
2016.05.30,9805.0,-35.0,9830.0,9850.0,9705.0,12837521.0,1108545.0,-82441.0
2016.05.27,9840.0,85.0,9785.0,9865.0,9750.0,14064342.0,2358043.0,100034.0
2016.05.26,9755.0,-30.0,9790.0,9835.0,9730.0,10378812.0,-162495.0,46705.0
2016.05.25,9785.0,275.0,9635.0,9800.0,9620.0,17064513.0,6424448.0,-174038.0
2016.05.24,9510.0,-150.0,9610.0,9625.0,9510.0,11927439.0,-4059201.0,38500.0
2016.05.23,9660.0,55.0,9625.0,9680.0,9500.0,15164455.0,-734920.0,-4402.0
2016.05.20,9605.0,10.0,9580.0,9650.0,9550.0,9707938.0,-495475.0,-90803.0
2016.05.19,9595.0,-45.0,9600.0,9635.0,9565.0,11238631.0,-1553358.0,100643.0
2016.05.18,9640.0,-125.0,9710.0,9715.0,9540.0,21216220.0,-3651739.0,58729.0
2016.05.17,9765.0,0.0,9780.0,9800.0,9695.0,12716643.0,-1437634.0,-179368.0
2016.05.16,9765.0,40.0,9660.0,9810.0,9655.0,9968773.0,663528.0,87610.0
2016.05.13,9725.0,-175.0,9865.0,9890.0,9700.0,23102949.0,-7785867.0,40164.0
2016.05.12,9900.0,-35.0,9860.0,9935.0,9805.0,16294874.0,-752561.0,-85673.0
2016.05.11,9935.0,-35.0,10040.0,10040.0,9835.0,17324591.0,-3263447.0,160776.0
2016.05.10,9970.0,90.0,9830.0,9970.0,9825.0,10118552.0,-181107.0,-178853.0
2016.05.09,9880.0,-25.0,9920.0,9935.0,9840.0,8660972.0,-1601819.0,-16489.0
2016.05.04,9905.0,-125.0,9920.0,9980.0,9855.0,14683846.0,-3999168.0,-19197.0
2016.05.03,10030.0,60.0,10060.0,10060.0,9975.0,10080846.0,-43820.0,-28423.0
2016.05.02,9970.0,-145.0,10070.0,10080.0,9955.0,11088371.0,-3510126.0,90529.0
2016.04.29,10115.0,-85.0,10195.0,10210.0,10030.0,14866594.0,-1472330.0,-52212.0
2016.04.28,10200.0,-215.0,10495.0,10500.0,10200.0,18157945.0,-2257859.0,-66168.0
2016.04.27,10415.0,-15.0,10390.0,10445.0,10390.0,6807078.0,-454822.0,226632.0
2016.04.26,10430.0,90.0,10345.0,10480.0,10330.0,13153281.0,2474986.0,-50631.0
2016.04.25,10340.0,-40.0,10380.0,10395.0,10280.0,8416958.0,-288606.0,-7580.0
2016.04.22,10380.0,-90.0,10390.0,10435.0,10350.0,10970579.0,-971839.0,-61818.0
2016.04.21,10470.0,170.0,10420.0,10500.0,10375.0,15435134.0,3323251.0,-39734.0
2016.04.20,10300.0,-70.0,10415.0,10505.0,10300.0,14880296.0,1155116.0,24420.0
2016.04.19,10370.0,25.0,10415.0,10465.0,10355.0,11091916.0,-280561.0,27682.0
2016.04.18,10345.0,-65.0,10250.0,10365.0,10210.0,10729688.0,-94775.0,-87793.0
2016.04.15,10410.0,-5.0,10415.0,10475.0,10390.0,13020573.0,1358646.0,149241.0
2016.04.14,10415.0,405.0,10255.0,10440.0,10255.0,37512502.0,18689463.0,66127.0
2016.04.12,10010.0,140.0,9870.0,10025.0,9845.0,15992694.0,3220085.0,-191158.0
2016.04.11,9870.0,15.0,9835.0,9890.0,9760.0,9625427.0,515429.0,122742.0
2016.04.08,9855.0,-30.0,9760.0,9865.0,9675.0,16650301.0,-2074907.0,-132880.0
2016.04.07,9885.0,5.0,9950.0,9985.0,9805.0,10611177.0,-1287571.0,178562.0
2016.04.06,9880.0,105.0,9790.0,9910.0,9770.0,10587359.0,1942255.0,-220487.0
2016.04.05,9775.0,-175.0,9890.0,9905.0,9750.0,14873793.0,-3385600.0,108219.0
2016.04.04,9950.0,40.0,9925.0,9975.0,9890.0,7510848.0,-95388.0,-124534.0
2016.04.01,9910.0,-280.0,10180.0,10190.0,9910.0,19096223.0,-3158382.0,-20367.0
2016.03.31,10190.0,-95.0,10330.0,10330.0,10145.0,13021394.0,-1489942.0,216744.0
2016.03.30,10285.0,100.0,10275.0,10350.0,10265.0,18356698.0,5743622.0,-138542.0
2016.03.29,10185.0,80.0,10110.0,10230.0,10100.0,15884120.0,1688205.0,109879.0
2016.03.28,10105.0,30.0,10075.0,10155.0,10055.0,11211422.0,2167988.0,-21631.0
2016.03.25,10075.0,-15.0,10120.0,10140.0,10055.0,7712962.0,628444.0,-89177.0
2016.03.24,10090.0,-55.0,10080.0,10160.0,10015.0,13415293.0,831264.0,60581.0
2016.03.23,10145.0,-15.0,10170.0,10245.0,10125.0,13393156.0,1070220.0,19412.0
2016.03.22,10160.0,80.0,10110.0,10160.0,10080.0,12395250.0,2453940.0,6289.0
2016.03.21,10080.0,-10.0,10160.0,10220.0,10005.0,15023455.0,659441.0,32760.0
2016.03.18,10090.0,20.0,10165.0,10175.0,10055.0,10752547.0,-615990.0,-7391.0
2016.03.17,10070.0,85.0,10060.0,10250.0,10050.0,33045690.0,10872902.0,-69556.0
2016.03.16,9985.0,60.0,9970.0,10065.0,9925.0,19138070.0,3524903.0,-57722.0
2016.03.15,9925.0,-15.0,9930.0,9995.0,9855.0,12934836.0,1248557.0,120771.0
2016.03.14,9940.0,-10.0,10050.0,10055.0,9920.0,14411185.0,426620.0,-51572.0
2016.03.11,9950.0,30.0,9895.0,9995.0,9890.0,17749528.0,3317606.0,73128.0
2016.03.10,9920.0,195.0,9760.0,9990.0,9755.0,31470708.0,12297749.0,-1919.0
2016.03.09,9725.0,80.0,9620.0,9725.0,9590.0,10149219.0,1152015.0,20845.0
2016.03.08,9645.0,-150.0,9830.0,9830.0,9590.0,16079870.0,1011911.0,-269922.0
2016.03.07,9795.0,35.0,9810.0,9840.0,9790.0,13716785.0,2243991.0,11903.0
2016.03.04,9760.0,10.0,9750.0,9810.0,9730.0,14651658.0,2836923.0,-104670.0
2016.03.03,9750.0,60.0,9735.0,9755.0,9695.0,24484354.0,5227746.0,-27965.0
2016.03.02,9690.0,295.0,9625.0,9715.0,9615.0,37441722.0,17994481.0,152113.0
2016.02.29,9395.0,-40.0,9380.0,9505.0,9360.0,15736184.0,1064387.0,-51659.0
2016.02.26,9435.0,30.0,9500.0,9535.0,9415.0,19769717.0,2610240.0,-43256.0
2016.02.25,9405.0,25.0,9450.0,9555.0,9335.0,33349525.0,4903662.0,94955.0
2016.02.24,9380.0,-20.0,9365.0,9455.0,9305.0,18789295.0,2975647.0,-75104.0
2016.02.23,9400.0,0.0,9485.0,9500.0,9350.0,26421174.0,2465746.0,29026.0
2016.02.22,9400.0,35.0,9305.0,9465.0,9290.0,26231289.0,3949816.0,10235.0
2016.02.19,9365.0,40.0,9295.0,9385.0,9290.0,23185652.0,6985291.0,65241.0
2016.02.18,9325.0,160.0,9390.0,9410.0,9305.0,36953755.0,12438492.0,-6916.0
2016.02.17,9165.0,20.0,9095.0,9255.0,9075.0,33302666.0,8947886.0,-48840.0
2016.02.16,9145.0,255.0,8915.0,9190.0,8900.0,43203507.0,14341737.0,108103.0
2016.02.15,8890.0,235.0,8830.0,8935.0,8795.0,29147096.0,7238349.0,-40796.0
2016.02.12,8655.0,-140.0,8690.0,8760.0,8535.0,43172799.0,-9408279.0,-154409.0
2016.02.11,8795.0,-505.0,8900.0,8910.0,8745.0,57905692.0,-27151003.0,129073.0
2016.02.05,9300.0,40.0,9205.0,9355.0,9205.0,28122299.0,7883418.0,-43238.0
2016.02.04,9260.0,335.0,9060.0,9275.0,9020.0,40275899.0,14170986.0,66563.0
2016.02.03,8925.0,-215.0,8950.0,8960.0,8835.0,32157771.0,-7338475.0,-4541.0
2016.02.02,9140.0,-120.0,9185.0,9265.0,9120.0,28267464.0,-33742.0,-79772.0
2016.02.01,9260.0,120.0,9215.0,9350.0,9195.0,36355855.0,5613654.0,32998.0
2016.01.29,9140.0,30.0,9050.0,9140.0,8925.0,45765542.0,1142407.0,80823.0
2016.01.28,9110.0,35.0,8945.0,9130.0,8865.0,32749795.0,1595895.0,-110353.0
2016.01.27,9075.0,250.0,8960.0,9115.0,8950.0,40869344.0,8705934.0,106315.0
2016.01.26,8825.0,-245.0,8950.0,8970.0,8710.0,41839309.0,-7343376.0,-47398.0
2016.01.25,9070.0,120.0,9045.0,9160.0,8955.0,34533654.0,3085359.0,-196491.0
2016.01.22,8950.0,350.0,8765.0,8950.0,8750.0,42642731.0,8826862.0,18612.0
2016.01.21,8600.0,-20.0,8640.0,8760.0,8575.0,36841981.0,-1046869.0,137808.0
2016.01.20,8620.0,-420.0,8965.0,8980.0,8535.0,68849543.0,-27658101.0,-218512.0
2016.01.19,9040.0,85.0,8940.0,9040.0,8790.0,28690152.0,-1348016.0,-178713.0
2016.01.18,8955.0,-15.0,8790.0,8995.0,8720.0,30847951.0,-4835936.0,-129319.0
2016.01.15,8970.0,-190.0,9305.0,9350.0,8885.0,45422236.0,-13063105.0,-8257.0
2016.01.14,9160.0,-200.0,9115.0,9160.0,9000.0,46505780.0,-14731487.0,450334.0
2016.01.13,9360.0,260.0,9185.0,9390.0,9175.0,22981637.0,4038433.0,-104550.0
2016.01.12,9100.0,-50.0,9240.0,9275.0,9050.0,26151577.0,-4869724.0,-46335.0
2016.01.11,9150.0,-220.0,9190.0,9210.0,9070.0,30511153.0,-9419909.0,154820.0
2016.01.08,9370.0,145.0,9110.0,9375.0,9070.0,33801647.0,-6670575.0,-156353.0
2016.01.07,9225.0,-175.0,9340.0,9430.0,9175.0,28134816.0,-8358901.0,-55998.0
2016.01.06,9400.0,-125.0,9550.0,9565.0,9305.0,30356822.0,-9794870.0,41899.0
2016.01.05,9525.0,35.0,9420.0,9620.0,9400.0,28177379.0,-4982838.0,239370.0
2016.01.04,9490.0,-380.0,9810.0,9815.0,9470.0,32089232.0,-16796437.0,-276912.0
2015.12.30,9870.0,-70.0,10000.0,10050.0,9845.0,12828202.0,-602894.0,97930.0
2015.12.29,9940.0,150.0,9835.0,9945.0,9765.0,13458692.0,103531.0,-11432.0
2015.12.28,9790.0,-280.0,10065.0,10100.0,9790.0,18991601.0,-3088246.0,-20590.0
2015.12.24,10070.0,-90.0,10265.0,10300.0,10070.0,18588831.0,2852407.0,96775.0
2015.12.23,10160.0,165.0,10045.0,10235.0,10005.0,29076210.0,11756557.0,-30746.0
2015.12.22,9995.0,40.0,9915.0,10015.0,9825.0,16503842.0,1691309.0,-23722.0
2015.12.21,9955.0,70.0,9885.0,10025.0,9760.0,17373103.0,1764925.0,-190766.0
2015.12.18,9885.0,-30.0,9755.0,9970.0,9730.0,16066820.0,36537.0,-13639.0
2015.12.17,9915.0,-15.0,10040.0,10080.0,9855.0,21178791.0,-1763322.0,97675.0
2015.12.16,9930.0,370.0,9710.0,9995.0,9685.0,32728600.0,9907304.0,-11579.0
2015.12.15,9560.0,60.0,9575.0,9600.0,9500.0,11540650.0,-1398930.0,-45159.0
2015.12.14,9500.0,-160.0,9490.0,9525.0,9365.0,17970439.0,-5195621.0,79712.0
2015.12.11,9660.0,-40.0,9640.0,9800.0,9610.0,16303417.0,-2663176.0,-96100.0
2015.12.10,9700.0,90.0,9590.0,9755.0,9535.0,15925336.0,-753498.0,222722.0
2015.12.09,9610.0,0.0,9605.0,9670.0,9575.0,13270869.0,-2751357.0,60827.0
2015.12.08,9610.0,-95.0,9690.0,9785.0,9575.0,17397025.0,-3881862.0,-48189.0
2015.12.07,9705.0,-80.0,9905.0,9915.0,9705.0,18149258.0,-3821859.0,-64862.0
2015.12.04,9785.0,-205.0,9790.0,9880.0,9750.0,27584291.0,-6885270.0,-62045.0
2015.12.03,9990.0,-180.0,10050.0,10055.0,9850.0,23581170.0,-7788719.0,-114916.0
2015.12.02,10170.0,-140.0,10325.0,10330.0,10170.0,13334492.0,-3303918.0,297717.0
2015.12.01,10310.0,295.0,10080.0,10340.0,10075.0,20650860.0,5601272.0,-103128.0
2015.11.30,10015.0,-395.0,10320.0,10325.0,9920.0,24931932.0,-8178884.0,-2379.0
2015.11.27,10410.0,-45.0,10470.0,10500.0,10400.0,9637871.0,663656.0,202431.0
2015.11.26,10455.0,245.0,10245.0,10470.0,10225.0,18176019.0,7497259.0,-225331.0
2015.11.25,10210.0,-20.0,10230.0,10235.0,10135.0,7864653.0,297983.0,53404.0
2015.11.24,10230.0,80.0,10145.0,10240.0,10135.0,11363870.0,2634710.0,-39795.0
2015.11.23,10150.0,130.0,10060.0,10185.0,10050.0,11453653.0,2203015.0,37817.0
2015.11.20,10020.0,25.0,10025.0,10050.0,9985.0,7366291.0,615327.0,-8275.0
2015.11.19,9995.0,270.0,9900.0,10000.0,9815.0,14468022.0,1788093.0,20677.0
2015.11.18,9725.0,-50.0,9735.0,9810.0,9705.0,8961487.0,-653467.0,-13071.0
2015.11.17,9775.0,175.0,9780.0,9835.0,9710.0,13477371.0,-331137.0,-13650.0
2015.11.16,9600.0,-250.0,9620.0,9740.0,9590.0,17993778.0,-4525946.0,-27391.0
2015.11.13,9850.0,-265.0,9900.0,9965.0,9850.0,17727282.0,-4730615.0,3966.0
2015.11.12,10115.0,20.0,10070.0,10130.0,10030.0,10455988.0,182143.0,-48021.0
2015.11.11,10095.0,-20.0,10070.0,10160.0,9975.0,16962668.0,-601970.0,-28097.0
2015.11.10,10115.0,-310.0,10295.0,10300.0,10100.0,18448150.0,-3557616.0,35660.0
2015.11.09,10425.0,-80.0,10440.0,10485.0,10340.0,11272818.0,1905015.0,81764.0
2015.11.06,10505.0,-145.0,10600.0,10660.0,10450.0,13687815.0,-2916323.0,100660.0
2015.11.05,10650.0,-5.0,10600.0,10665.0,10530.0,14815833.0,230049.0,-203610.0
2015.11.04,10655.0,-25.0,10760.0,10780.0,10595.0,18668169.0,539066.0,101335.0
2015.11.03,10680.0,195.0,10600.0,10740.0,10600.0,21712820.0,7377838.0,-89385.0
2015.11.02,10485.0,-5.0,10455.0,10525.0,10400.0,13652107.0,719254.0,88490.0
2015.10.30,10490.0,65.0,10380.0,10550.0,10360.0,16842125.0,3287127.0,-131613.0
2015.10.29,10425.0,-55.0,10495.0,10725.0,10370.0,29295602.0,3075359.0,69712.0
2015.10.28,10480.0,0.0,10500.0,10505.0,10335.0,15031946.0,53272.0,43950.0
2015.10.27,10480.0,-20.0,10485.0,10520.0,10380.0,11717873.0,702215.0,-94668.0
2015.10.26,10500.0,55.0,10560.0,10565.0,10470.0,11999893.0,-209321.0,110274.0
2015.10.23,10445.0,160.0,10495.0,10610.0,10420.0,26679875.0,8372503.0,-82722.0
2015.10.22,10285.0,-130.0,10340.0,10420.0,10250.0,14169701.0,-1067749.0,72225.0
2015.10.21,10415.0,70.0,10345.0,10560.0,10320.0,24490666.0,6745943.0,-55665.0
2015.10.20,10345.0,70.0,10250.0,10370.0,10225.0,12814827.0,2367443.0,135893.0
2015.10.19,10275.0,10.0,10315.0,10360.0,10190.0,17556971.0,877072.0,-200057.0
2015.10.16,10265.0,-65.0,10405.0,10405.0,10240.0,15324187.0,-900384.0,85808.0
2015.10.15,10330.0,240.0,10065.0,10390.0,10065.0,27303230.0,9940351.0,-283784.0
2015.10.14,10090.0,-60.0,10100.0,10140.0,9980.0,18516279.0,946600.0,-136422.0
2015.10.13,10150.0,-35.0,10180.0,10260.0,10090.0,15387849.0,1950103.0,-8314.0
2015.10.12,10185.0,125.0,10135.0,10300.0,10110.0,28494702.0,9010194.0,146778.0
2015.10.08,10060.0,150.0,10010.0,10095.0,9930.0,28582346.0,8416794.0,-92724.0
2015.10.07,9910.0,265.0,9705.0,9945.0,9695.0,32758539.0,14681917.0,237310.0
2015.10.06,9645.0,175.0,9680.0,9740.0,9615.0,22525693.0,5280992.0,91416.0
2015.10.05,9470.0,35.0,9525.0,9705.0,9440.0,25702355.0,3467404.0,-403354.0
2015.10.02,9435.0,-125.0,9555.0,9590.0,9420.0,17978298.0,-603491.0,166197.0
2015.10.01,9560.0,195.0,9355.0,9675.0,9305.0,27054043.0,6702182.0,195882.0
2015.09.30,9365.0,140.0,8935.0,9395.0,8930.0,21669133.0,709935.0,37766.0
2015.09.25,9225.0,-15.0,9200.0,9300.0,9100.0,19289155.0,556692.0,-417218.0
2015.09.24,9240.0,-15.0,9320.0,9345.0,9200.0,15496573.0,-1529941.0,294789.0
2015.09.23,9255.0,-275.0,9310.0,9445.0,9225.0,24960786.0,-5175745.0,55410.0
2015.09.22,9530.0,110.0,9470.0,9560.0,9390.0,16779429.0,2188282.0,-203108.0
2015.09.21,9420.0,-310.0,9530.0,9580.0,9345.0,19480042.0,-4492530.0,104233.0
2015.09.18,9730.0,105.0,9600.0,9815.0,9395.0,29921400.0,3548369.0,-159579.0
2015.09.17,9625.0,80.0,9730.0,9745.0,9595.0,21289105.0,2779884.0,177226.0
2015.09.16,9545.0,425.0,9250.0,9660.0,9245.0,37025358.0,11241049.0,55511.0
2015.09.15,9120.0,40.0,9090.0,9185.0,9065.0,16719653.0,544978.0,96389.0
2015.09.14,9080.0,-85.0,9250.0,9270.0,8995.0,19329819.0,-636001.0,-209849.0
2015.09.11,9165.0,-95.0,9195.0,9335.0,9165.0,17015250.0,336500.0,117588.0
2015.09.10,9260.0,-15.0,9115.0,9340.0,9095.0,32795734.0,2603592.0,223122.0
2015.09.09,9275.0,525.0,8910.0,9275.0,8910.0,32087134.0,10845967.0,-288295.0
2015.09.08,8750.0,45.0,8745.0,8780.0,8640.0,13772818.0,-555812.0,118341.0
2015.09.07,8705.0,-45.0,8715.0,8850.0,8645.0,16986424.0,296774.0,-110011.0
2015.09.04,8750.0,-155.0,8920.0,8955.0,8690.0,20675100.0,-3649267.0,121253.0
2015.09.03,8905.0,35.0,8960.0,8995.0,8855.0,16804731.0,-661647.0,16794.0
2015.09.02,8870.0,35.0,8630.0,8960.0,8630.0,25076038.0,937632.0,158059.0
2015.09.01,8835.0,-215.0,8980.0,9050.0,8815.0,19420868.0,-670298.0,33245.0
2015.08.31,9050.0,15.0,8970.0,9050.0,8900.0,14131682.0,1923056.0,-63589.0
2015.08.28,9035.0,245.0,8970.0,9050.0,8935.0,25567991.0,4699300.0,102342.0
2015.08.27,8790.0,75.0,8800.0,8920.0,8725.0,30996118.0,3141972.0,-316200.0
2015.08.26,8715.0,315.0,8310.0,8765.0,8215.0,42764701.0,77999.0,-40336.0
2015.08.25,8400.0,70.0,8345.0,8585.0,8050.0,47501242.0,-2925931.0,-116569.0
2015.08.24,8330.0,-435.0,8590.0,8680.0,8000.0,59153134.0,-17897308.0,382155.0
2015.08.21,8765.0,-285.0,8750.0,8830.0,8615.0,41525856.0,-12812055.0,91253.0
2015.08.20,9050.0,-200.0,9225.0,9240.0,9050.0,20963856.0,-4284913.0,-101427.0
2015.08.19,9250.0,-140.0,9355.0,9410.0,9185.0,20917838.0,-4670371.0,12725.0
2015.08.18,9390.0,-30.0,9490.0,9510.0,9380.0,14550757.0,-1563244.0,-36395.0
2015.08.17,9420.0,-160.0,9605.0,9630.0,9400.0,12023872.0,-2974445.0,50487.0
2015.08.13,9580.0,85.0,9460.0,9595.0,9425.0,16758835.0,111292.0,35868.0
2015.08.12,9495.0,-130.0,9570.0,9660.0,9365.0,28150203.0,-8591097.0,-50598.0
2015.08.11,9625.0,-75.0,9805.0,9925.0,9625.0,23333789.0,-2840225.0,59934.0
2015.08.10,9700.0,-45.0,9710.0,9725.0,9615.0,13069487.0,-1287116.0,-627.0
2015.08.07,9745.0,-50.0,9725.0,9775.0,9655.0,12836693.0,-2928922.0,-110210.0
2015.08.06,9795.0,-235.0,10045.0,10060.0,9785.0,25173265.0,-11245794.0,169035.0
2015.08.05,10030.0,20.0,9985.0,10085.0,9940.0,13798564.0,-160945.0,14478.0
2015.08.04,10010.0,95.0,9910.0,10010.0,9895.0,13493597.0,-1038065.0,-47709.0
2015.08.03,9915.0,-110.0,10035.0,10040.0,9855.0,16023838.0,-4891077.0,-4289.0
2015.07.31,10025.0,-70.0,10105.0,10125.0,9935.0,25053446.0,-12049230.0,-100058.0
2015.07.30,10095.0,-175.0,10295.0,10320.0,10095.0,19334360.0,-4694251.0,-79880.0
2015.07.29,10270.0,75.0,10270.0,10300.0,10190.0,13343581.0,338597.0,78082.0
2015.07.28,10195.0,20.0,10095.0,10225.0,10025.0,13777308.0,-999944.0,103202.0
2015.07.27,10175.0,55.0,10030.0,10200.0,10000.0,13813880.0,276959.0,-76974.0
2015.07.24,10120.0,-230.0,10250.0,10270.0,10085.0,20657697.0,-7720146.0,-134922.0
2015.07.23,10350.0,-5.0,10390.0,10410.0,10260.0,13001510.0,100725.0,75209.0
2015.07.22,10355.0,-210.0,10440.0,10500.0,10300.0,18893200.0,-6348364.0,-4542.0
2015.07.21,10565.0,55.0,10550.0,10680.0,10440.0,19532833.0,799935.0,-127800.0
2015.07.20,10510.0,-55.0,10550.0,10655.0,10445.0,11565031.0,-980397.0,114397.0
2015.07.17,10565.0,-110.0,10785.0,10805.0,10500.0,19267591.0,-909763.0,-58494.0
2015.07.16,10675.0,135.0,10480.0,10675.0,10480.0,16027798.0,3374693.0,105436.0
2015.07.15,10540.0,75.0,10540.0,10725.0,10445.0,25581621.0,2662722.0,-46301.0
2015.07.14,10465.0,-95.0,10620.0,10620.0,10395.0,16663714.0,-3136128.0,49864.0
2015.07.13,10560.0,200.0,10315.0,10635.0,10285.0,23694633.0,4110949.0,-6655.0
2015.07.10,10360.0,30.0,10370.0,10400.0,10255.0,16842468.0,263005.0,-72490.0
2015.07.09,10330.0,130.0,10050.0,10330.0,9945.0,35886753.0,-8867039.0,-9090.0
2015.07.08,10200.0,-285.0,10485.0,10505.0,10200.0,24575720.0,-8867164.0,165688.0
2015.07.07,10485.0,45.0,10550.0,10570.0,10360.0,20541720.0,-3776065.0,-184842.0
2015.07.06,10440.0,-555.0,10740.0,10850.0,10425.0,27724179.0,-10357856.0,108390.0
2015.07.03,10995.0,-55.0,11050.0,11075.0,10895.0,10130030.0,-228127.0,73107.0
2015.07.02,11050.0,25.0,11065.0,11115.0,11030.0,9435379.0,1421335.0,-150070.0
2015.07.01,11025.0,275.0,10740.0,11045.0,10700.0,15085174.0,3234319.0,6411.0
2015.06.30,10750.0,70.0,10605.0,10750.0,10605.0,10921355.0,2076937.0,15036.0
2015.06.29,10680.0,-300.0,10660.0,10725.0,10580.0,18478112.0,-3299914.0,135202.0
2015.06.26,10980.0,0.0,10890.0,11040.0,10805.0,10626117.0,874149.0,89373.0
2015.06.25,10980.0,-10.0,10900.0,11015.0,10875.0,10135742.0,1445404.0,-163934.0
2015.06.24,10990.0,0.0,11035.0,11050.0,10955.0,9223095.0,-74109.0,90695.0
2015.06.23,10990.0,270.0,10850.0,11025.0,10775.0,20540136.0,3978341.0,-110480.0
2015.06.22,10720.0,105.0,10700.0,10810.0,10635.0,13727477.0,819877.0,12061.0
2015.06.19,10615.0,65.0,10675.0,10685.0,10555.0,14170940.0,-940560.0,135250.0
2015.06.18,10550.0,70.0,10590.0,10690.0,10465.0,15991466.0,696652.0,11004.0
2015.06.17,10480.0,35.0,10475.0,10505.0,10355.0,10614967.0,-146505.0,-133522.0
2015.06.16,10445.0,-225.0,10640.0,10675.0,10295.0,24737635.0,-7342072.0,-82665.0
2015.06.15,10670.0,-50.0,10600.0,10730.0,10530.0,10452340.0,-151068.0,104221.0
2015.06.12,10720.0,-165.0,10930.0,11040.0,10670.0,20549752.0,-4834445.0,14525.0
2015.06.11,10885.0,60.0,10920.0,10925.0,10780.0,16765428.0,-77185.0,-199125.0
2015.06.10,10825.0,-125.0,11035.0,11075.0,10795.0,16877239.0,-4110271.0,-154302.0
2015.06.09,10950.0,-40.0,10950.0,11075.0,10870.0,14950018.0,-2235312.0,41259.0
2015.06.08,10990.0,-40.0,11000.0,11045.0,10900.0,9974067.0,-786136.0,70855.0
2015.06.05,11030.0,-40.0,10950.0,11135.0,10940.0,11097539.0,-1291012.0,-55272.0
2015.06.04,11070.0,90.0,11045.0,11220.0,10975.0,19037425.0,946861.0,-10972.0
2015.06.03,10980.0,-210.0,11230.0,11270.0,10965.0,20117604.0,-3013731.0,-14735.0
2015.06.02,11190.0,-225.0,11380.0,11475.0,11135.0,19328268.0,-5299985.0,108389.0
2015.06.01,11415.0,-175.0,11550.0,11550.0,11260.0,17246487.0,-3289781.0,-14265.0
2015.05.29,11590.0,90.0,11440.0,11710.0,11420.0,16041951.0,3143173.0,69833.0
2015.05.28,11500.0,0.0,11600.0,11660.0,11500.0,15868971.0,759574.0,-244342.0
2015.05.27,11500.0,-495.0,11840.0,11880.0,11455.0,29509290.0,-10468499.0,-40051.0
2015.05.26,11995.0,-50.0,12045.0,12075.0,11905.0,11426925.0,788348.0,3380.0
2015.05.22,12045.0,305.0,11790.0,12060.0,11790.0,16940423.0,6056857.0,88490.0
2015.05.21,11740.0,-280.0,12000.0,12010.0,11730.0,14726478.0,-3842323.0,90405.0
2015.05.20,12020.0,220.0,11840.0,12025.0,11810.0,18001006.0,3995613.0,-170734.0
2015.05.19,11800.0,95.0,11700.0,11870.0,11625.0,12500652.0,1156398.0,60713.0
2015.05.18,11705.0,60.0,11665.0,11705.0,11555.0,10411830.0,770456.0,56730.0
2015.05.15,11645.0,-235.0,11970.0,12045.0,11625.0,23364489.0,-6351830.0,-65481.0
2015.05.14,11880.0,30.0,11810.0,11900.0,11770.0,11156463.0,212709.0,-190009.0
2015.05.13,11850.0,150.0,11700.0,11895.0,11700.0,11196338.0,506720.0,125101.0
2015.05.12,11700.0,-20.0,11670.0,11750.0,11620.0,9204285.0,-598896.0,-164968.0
2015.05.11,11720.0,30.0,11845.0,11900.0,11715.0,14746091.0,-2445035.0,-43959.0
2015.05.08,11690.0,-85.0,11800.0,11805.0,11690.0,9393288.0,-1882643.0,-118219.0
2015.05.07,11775.0,-130.0,11880.0,11885.0,11615.0,19233828.0,-4254310.0,-79477.0
2015.05.06,11905.0,-365.0,12150.0,12180.0,11870.0,17691484.0,-4259116.0,1988.0
2015.05.04,12270.0,95.0,12240.0,12335.0,12200.0,6239592.0,499953.0,-133012.0
2015.04.30,12175.0,-115.0,12180.0,12270.0,12120.0,8866488.0,-421234.0,-33106.0
2015.04.29,12290.0,-100.0,12450.0,12450.0,12150.0,13699507.0,-239176.0,32957.0
2015.04.28,12390.0,-100.0,12550.0,12580.0,12340.0,11939778.0,299044.0,-200665.0
2015.04.27,12490.0,-60.0,12665.0,12675.0,12470.0,10948460.0,-700791.0,-193679.0
2015.04.24,12550.0,-160.0,12725.0,12935.0,12550.0,27920214.0,-327755.0,-19010.0
2015.04.23,12710.0,370.0,12455.0,12710.0,12365.0,23772055.0,6061753.0,-89780.0
2015.04.22,12340.0,95.0,12250.0,12550.0,12245.0,25380487.0,6384381.0,-54101.0
2015.04.21,12245.0,-15.0,12320.0,12325.0,12225.0,14674710.0,816857.0,108192.0
2015.04.20,12260.0,-25.0,12150.0,12305.0,12135.0,14896390.0,2811788.0,-292062.0
2015.04.17,12285.0,10.0,12300.0,12350.0,12245.0,13829623.0,2951766.0,92275.0
2015.04.16,12275.0,180.0,12200.0,12295.0,12165.0,20770791.0,5625134.0,77698.0
2015.04.15,12095.0,85.0,12050.0,12145.0,12000.0,17348843.0,3345045.0,14365.0
2015.04.14,12010.0,125.0,11890.0,12060.0,11875.0,22605375.0,6900596.0,210971.0
2015.04.13,11885.0,155.0,11770.0,11905.0,11740.0,15538872.0,3566648.0,104765.0
2015.04.10,11730.0,295.0,11465.0,11785.0,11460.0,30348668.0,14842402.0,-27808.0
2015.04.09,11435.0,-25.0,11410.0,11515.0,11375.0,13565809.0,-359755.0,17804.0
2015.04.08,11460.0,170.0,11305.0,11480.0,11285.0,15075872.0,5508546.0,187412.0
2015.04.07,11290.0,-50.0,11430.0,11435.0,11285.0,10706677.0,-1928908.0,68589.0
2015.04.06,11340.0,-5.0,11320.0,11445.0,11295.0,10603791.0,874670.0,43514.0
2015.04.03,11345.0,165.0,11210.0,11355.0,11195.0,10138069.0,2485560.0,80462.0
2015.04.02,11180.0,25.0,11205.0,11275.0,11150.0,9660773.0,311261.0,-135321.0
2015.04.01,11155.0,-165.0,11280.0,11325.0,11145.0,13851779.0,-1878371.0,27623.0
2015.03.31,11320.0,0.0,11435.0,11455.0,11285.0,14610168.0,-477534.0,-227797.0
2015.03.30,11320.0,55.0,11240.0,11330.0,11200.0,11503945.0,-768974.0,-136034.0
2015.03.27,11265.0,-60.0,11320.0,11360.0,11240.0,12818311.0,-2211500.0,-29793.0
2015.03.26,11325.0,-225.0,11390.0,11500.0,11290.0,20042124.0,-2701251.0,32625.0
2015.03.25,11550.0,15.0,11530.0,11625.0,11505.0,11004386.0,1574835.0,117641.0
2015.03.24,11535.0,25.0,11495.0,11540.0,11405.0,11317095.0,891461.0,-151903.0
2015.03.23,11510.0,10.0,11580.0,11645.0,11475.0,15275771.0,336382.0,-181642.0
2015.03.20,11500.0,-60.0,11540.0,11580.0,11450.0,8838034.0,-16407.0,123592.0
2015.03.19,11560.0,70.0,11645.0,11675.0,11520.0,22625051.0,4300773.0,64549.0
2015.03.18,11490.0,15.0,11500.0,11590.0,11480.0,26851315.0,7800278.0,11834.0
2015.03.17,11475.0,460.0,11100.0,11500.0,11075.0,53220899.0,27854656.0,590190.0
2015.03.16,11015.0,20.0,10945.0,11030.0,10915.0,7363474.0,915513.0,137400.0
2015.03.13,10995.0,95.0,10985.0,11015.0,10930.0,15229370.0,1408266.0,27476.0
2015.03.12,10900.0,-35.0,10895.0,10995.0,10830.0,17558144.0,-1491408.0,-322855.0
2015.03.11,10935.0,-5.0,10795.0,10950.0,10750.0,16301176.0,-2073519.0,-82623.0
2015.03.10,10940.0,-85.0,11085.0,11085.0,10935.0,14779396.0,-2291199.0,-54313.0
2015.03.09,11025.0,-230.0,11165.0,11200.0,10995.0,16463085.0,-3039828.0,-91482.0
2015.03.06,11255.0,110.0,11150.0,11260.0,11150.0,14060937.0,5873961.0,78655.0
2015.03.05,11145.0,35.0,11070.0,11170.0,11055.0,9555586.0,1339230.0,1038.0
2015.03.04,11110.0,-20.0,11090.0,11140.0,11090.0,8286884.0,1252443.0,-81669.0
2015.03.03,11130.0,85.0,11100.0,11165.0,11085.0,15215506.0,5936127.0,-87466.0
2015.03.02,11045.0,130.0,10980.0,11065.0,10960.0,17399785.0,5716950.0,184672.0
2015.02.27,10915.0,-95.0,10970.0,10990.0,10860.0,15411842.0,249117.0,-6962.0
2015.02.26,11010.0,0.0,11020.0,11025.0,10945.0,10296321.0,687543.0,6989.0
2015.02.25,11010.0,95.0,11000.0,11050.0,10975.0,21474889.0,6362096.0,18150.0
2015.02.24,10915.0,20.0,10910.0,10965.0,10885.0,10325448.0,2127115.0,14649.0
2015.02.23,10895.0,55.0,10950.0,11035.0,10885.0,15511151.0,1968140.0,133581.0
2015.02.17,10840.0,40.0,10735.0,10875.0,10700.0,13472762.0,4350019.0,-110396.0
2015.02.16,10800.0,35.0,10765.0,10835.0,10760.0,11791138.0,1379223.0,-92163.0
2015.02.13,10765.0,175.0,10690.0,10785.0,10680.0,15697472.0,4324325.0,198356.0
2015.02.12,10590.0,-95.0,10710.0,10710.0,10475.0,22254068.0,-5019132.0,-178778.0
2015.02.11,10685.0,35.0,10650.0,10715.0,10620.0,11721254.0,-420734.0,9316.0
2015.02.10,10650.0,-95.0,10745.0,10845.0,10630.0,17528439.0,-2997945.0,-143336.0
2015.02.09,10745.0,-40.0,10710.0,10800.0,10650.0,9235346.0,322479.0,74143.0
2015.02.06,10785.0,40.0,10750.0,10800.0,10695.0,13244342.0,-1058954.0,-65745.0
2015.02.05,10745.0,-220.0,10935.0,10960.0,10730.0,21984496.0,-7743884.0,162354.0
2015.02.04,10965.0,145.0,10970.0,11060.0,10920.0,26418983.0,10605770.0,103209.0
2015.02.03,10820.0,-15.0,10925.0,10950.0,10715.0,18278250.0,-1125998.0,-124331.0
2015.02.02,10835.0,-25.0,10755.0,10920.0,10750.0,12442342.0,720023.0,-68379.0
2015.01.30,10860.0,-40.0,11000.0,11015.0,10860.0,17537317.0,133936.0,345170.0
2015.01.29,10900.0,-100.0,10900.0,10995.0,10785.0,22731680.0,325044.0,35139.0
2015.01.28,11000.0,15.0,10870.0,11020.0,10860.0,20486606.0,4543906.0,-15315.0
2015.01.27,10985.0,160.0,10925.0,10990.0,10880.0,23838564.0,8216510.0,41956.0
2015.01.26,10825.0,-5.0,10750.0,10850.0,10660.0,13982616.0,1664497.0,-41980.0
2015.01.23,10830.0,130.0,10955.0,11000.0,10795.0,30381845.0,11980014.0,-218613.0
2015.01.22,10700.0,50.0,10740.0,10830.0,10680.0,29401998.0,9250526.0,288852.0
2015.01.21,10650.0,55.0,10545.0,10650.0,10500.0,23705054.0,6215097.0,198879.0
2015.01.20,10595.0,175.0,10460.0,10615.0,10460.0,32663170.0,13963375.0,15247.0
2015.01.19,10420.0,210.0,10320.0,10480.0,10290.0,25077131.0,9547653.0,-103224.0
2015.01.16,10210.0,-300.0,10400.0,10405.0,10140.0,42236677.0,-17944846.0,244971.0
2015.01.15,10510.0,60.0,10410.0,10540.0,10370.0,20370790.0,2413360.0,150752.0
2015.01.14,10450.0,-90.0,10500.0,10615.0,10440.0,21910539.0,-2152617.0,-36044.0
2015.01.13,10540.0,95.0,10410.0,10545.0,10350.0,19093638.0,3876022.0,-115904.0
2015.01.12,10445.0,-50.0,10390.0,10525.0,10380.0,17582512.0,2089721.0,-17760.0
2015.01.09,10495.0,230.0,10440.0,10575.0,10405.0,37670956.0,16069473.0,187633.0
2015.01.08,10265.0,265.0,10120.0,10325.0,10105.0,29185377.0,7428969.0,-232330.0
2015.01.07,10000.0,20.0,9970.0,10035.0,9915.0,21900545.0,-4870708.0,326478.0
2015.01.06,9980.0,-375.0,10110.0,10160.0,9955.0,50232025.0,-29437489.0,-539311.0
2015.01.05,10355.0,-35.0,10335.0,10385.0,10140.0,24617902.0,-6278067.0,163895.0
2015.01.02,10390.0,100.0,10275.0,10405.0,10235.0,11762656.0,-720139.0,113137.0
2014.12.30,10290.0,-265.0,10550.0,10615.0,10290.0,19543895.0,-5285299.0,-116284.0
2014.12.29,10555.0,-65.0,10700.0,10730.0,10550.0,16180159.0,2192139.0,98742.0
2014.12.26,10620.0,5.0,10595.0,10720.0,10595.0,22088286.0,6794465.0,-187576.0
2014.12.24,10615.0,65.0,10520.0,10640.0,10490.0,19363880.0,4039630.0,-127909.0
2014.12.23,10550.0,-15.0,10570.0,10595.0,10515.0,13839169.0,2212980.0,189414.0
2014.12.22,10565.0,150.0,10480.0,10600.0,10410.0,21769973.0,5298016.0,-322303.0
2014.12.19,10415.0,305.0,10300.0,10480.0,10280.0,30884720.0,10304448.0,-65724.0
2014.12.18,10110.0,-25.0,10300.0,10360.0,9970.0,33551619.0,-8741456.0,358676.0
2014.12.17,10135.0,-65.0,10275.0,10280.0,10135.0,19404971.0,-4405771.0,299.0
2014.12.16,10200.0,-160.0,10250.0,10350.0,10120.0,22583277.0,-7607023.0,142257.0
2014.12.15,10360.0,25.0,10140.0,10360.0,10060.0,20309293.0,-4608987.0,45046.0
2014.12.12,10335.0,35.0,10340.0,10365.0,10245.0,13672760.0,-3303819.0,179093.0
2014.12.11,10300.0,-285.0,10435.0,10500.0,10275.0,33568789.0,-12595460.0,5433.0
2014.12.10,10585.0,-320.0,10835.0,10835.0,10580.0,24591549.0,-11188733.0,-329627.0
2014.12.09,10905.0,-65.0,10900.0,10940.0,10840.0,10669419.0,162738.0,-3102.0
2014.12.08,10970.0,-40.0,10975.0,11065.0,10950.0,10556277.0,-696173.0,-294185.0
2014.12.05,11010.0,-10.0,10970.0,11060.0,10970.0,9430710.0,1911857.0,96745.0
2014.12.04,11020.0,245.0,10770.0,11040.0,10770.0,28131103.0,13280683.0,-101622.0
2014.12.03,10775.0,50.0,10760.0,10820.0,10710.0,11883931.0,1104213.0,-44404.0
2014.12.02,10725.0,-20.0,10690.0,10730.0,10625.0,12484428.0,-2750421.0,-12617.0
2014.12.01,10745.0,-185.0,10840.0,10845.0,10685.0,20248008.0,-5868334.0,-35007.0
2014.11.28,10930.0,-20.0,10925.0,10985.0,10895.0,8595441.0,609521.0,-127400.0
2014.11.27,10950.0,130.0,10960.0,11015.0,10905.0,29510505.0,13469647.0,246312.0
2014.11.26,10820.0,-45.0,10875.0,10880.0,10725.0,16919624.0,-808456.0,-296855.0
2014.11.25,10865.0,-10.0,10895.0,10905.0,10810.0,10654876.0,-207887.0,398232.0
2014.11.24,10875.0,215.0,10825.0,10940.0,10810.0,28660868.0,11466497.0,-45115.0
2014.11.21,10660.0,65.0,10640.0,10725.0,10610.0,14382975.0,1089704.0,-198543.0
2014.11.20,10595.0,-80.0,10570.0,10680.0,10520.0,16171595.0,-1713163.0,463178.0
2014.11.19,10675.0,-45.0,10800.0,10800.0,10625.0,17705958.0,-2187368.0,-126984.0
2014.11.18,10720.0,175.0,10545.0,10765.0,10545.0,23919200.0,6292845.0,-139361.0
2014.11.17,10545.0,60.0,10410.0,10590.0,10385.0,21215020.0,2160129.0,-162496.0
2014.11.14,10485.0,-205.0,10635.0,10645.0,10400.0,29887927.0,-5603099.0,183849.0
2014.11.13,10690.0,-60.0,10740.0,10810.0,10620.0,23528884.0,-1594944.0,187082.0
2014.11.12,10750.0,80.0,10665.0,10850.0,10645.0,20205253.0,4786379.0,-113219.0
2014.11.11,10670.0,-20.0,10695.0,10740.0,10655.0,13088827.0,-1344061.0,103336.0
2014.11.10,10690.0,215.0,10565.0,10770.0,10555.0,25630273.0,9367414.0,-249196.0
2014.11.07,10475.0,15.0,10430.0,10510.0,10400.0,15617359.0,-432066.0,170834.0
2014.11.06,10460.0,110.0,10300.0,10500.0,10260.0,23869523.0,1745816.0,-104096.0
2014.11.05,10350.0,-45.0,10440.0,10485.0,10305.0,19653103.0,-566423.0,-136930.0
2014.11.04,10395.0,-160.0,10505.0,10620.0,10330.0,28791681.0,-1880273.0,198023.0
2014.11.03,10555.0,-105.0,10650.0,10655.0,10505.0,19310161.0,-1359972.0,-46729.0
2014.10.31,10660.0,125.0,10605.0,10690.0,10465.0,30974267.0,3864270.0,2652.0
2014.10.30,10535.0,-20.0,10500.0,10535.0,10405.0,16255104.0,214516.0,142324.0
2014.10.29,10555.0,390.0,10275.0,10600.0,10220.0,39019855.0,13924066.0,-161473.0
2014.10.28,10165.0,-20.0,10215.0,10235.0,10105.0,13583936.0,-764399.0,154077.0
2014.10.27,10185.0,100.0,10160.0,10280.0,10145.0,26345605.0,2512429.0,75811.0
2014.10.24,10085.0,-95.0,10230.0,10255.0,9975.0,25825318.0,-4622480.0,-132364.0
2014.10.23,10180.0,40.0,10110.0,10285.0,10075.0,31040399.0,1085400.0,-175521.0
2014.10.22,10140.0,150.0,10195.0,10235.0,10075.0,22067004.0,2698436.0,61622.0
2014.10.21,9990.0,-150.0,10090.0,10100.0,9895.0,35170359.0,-7673738.0,201924.0
2014.10.20,10140.0,245.0,10030.0,10210.0,10025.0,26029375.0,2984445.0,-284723.0
2014.10.17,9895.0,-215.0,10140.0,10170.0,9840.0,41078982.0,-12526850.0,140140.0
2014.10.16,10110.0,-90.0,10100.0,10155.0,9970.0,33852990.0,-4573280.0,20282.0
2014.10.15,10200.0,-50.0,10200.0,10325.0,10110.0,29665373.0,-3800584.0,-20253.0
2014.10.14,10250.0,5.0,10360.0,10400.0,10230.0,25564689.0,-4716632.0,159840.0
2014.10.13,10245.0,-70.0,10110.0,10275.0,10040.0,23326765.0,-2845118.0,-156569.0
2014.10.10,10315.0,-330.0,10505.0,10510.0,10210.0,40820757.0,-14464182.0,601727.0
2014.10.08,10645.0,-60.0,10585.0,10685.0,10530.0,22575113.0,-4584693.0,-499634.0
2014.10.07,10705.0,25.0,10780.0,10810.0,10630.0,18497849.0,-2188702.0,126146.0
2014.10.06,10680.0,-55.0,10780.0,10820.0,10640.0,19698150.0,-3825854.0,-87747.0
2014.10.02,10735.0,-260.0,10860.0,10885.0,10610.0,41860863.0,-12778975.0,19808.0
2014.10.01,10995.0,-280.0,11180.0,11210.0,10965.0,32668206.0,-13322224.0,163075.0
2014.09.30,11275.0,-120.0,11320.0,11420.0,11195.0,27646138.0,-7764020.0,-413583.0
2014.09.29,11395.0,-45.0,11445.0,11505.0,11335.0,18460211.0,-1965573.0,-122009.0
2014.09.26,11440.0,-75.0,11345.0,11440.0,11330.0,14711095.0,-2641231.0,40646.0
2014.09.25,11515.0,-10.0,11600.0,11635.0,11460.0,19962309.0,-1548330.0,-157196.0
2014.09.24,11525.0,-25.0,11460.0,11540.0,11375.0,26418486.0,-6230151.0,18323.0
2014.09.23,11550.0,-65.0,11500.0,11615.0,11475.0,20616485.0,-4426063.0,180161.0
2014.09.22,11615.0,-280.0,11800.0,11805.0,11525.0,40307739.0,-20112702.0,-394313.0
2014.09.19,11895.0,75.0,11910.0,11980.0,11875.0,17744165.0,3703459.0,143231.0
2014.09.18,11820.0,-140.0,11930.0,11975.0,11780.0,19370952.0,-4391283.0,56370.0
2014.09.17,11960.0,220.0,11845.0,11975.0,11840.0,25236277.0,8508866.0,320047.0
2014.09.16,11740.0,75.0,11710.0,11780.0,11675.0,12516474.0,750532.0,-10743.0
2014.09.15,11665.0,-90.0,11680.0,11730.0,11560.0,23379045.0,-3686092.0,295670.0
2014.09.12,11755.0,50.0,11730.0,11800.0,11665.0,16716803.0,-1559394.0,-61094.0
2014.09.11,11705.0,-125.0,11820.0,11820.0,11690.0,19739809.0,-6191986.0,-228745.0
2014.09.05,11830.0,-60.0,11850.0,11940.0,11720.0,21319225.0,-4238914.0,-145882.0
2014.09.04,11890.0,75.0,11925.0,12000.0,11865.0,19417337.0,3429473.0,-279817.0
2014.09.03,11815.0,-55.0,11810.0,11880.0,11695.0,26867985.0,-6761004.0,58805.0
2014.09.02,11870.0,-220.0,12055.0,12065.0,11825.0,36187507.0,-17599982.0,-238092.0
2014.09.01,12090.0,-10.0,12060.0,12145.0,12035.0,14375190.0,-1989488.0,135720.0
2014.08.29,12100.0,-115.0,12155.0,12175.0,11995.0,23309661.0,-3174110.0,-457092.0
2014.08.28,12215.0,20.0,12245.0,12415.0,12205.0,27848072.0,6728117.0,311063.0
2014.08.27,12195.0,15.0,12245.0,12330.0,12175.0,23761638.0,2438057.0,-54019.0
2014.08.26,12180.0,95.0,12175.0,12250.0,12105.0,22045613.0,4677117.0,195914.0
2014.08.25,12085.0,55.0,11995.0,12125.0,11875.0,19205835.0,1084652.0,87567.0
2014.08.22,12030.0,160.0,11910.0,12065.0,11870.0,20920738.0,2692595.0,162792.0
2014.08.21,11870.0,-380.0,12220.0,12250.0,11825.0,38161676.0,-15742031.0,-447897.0
2014.08.20,12250.0,-40.0,12375.0,12395.0,12220.0,16930305.0,-1556555.0,212468.0
2014.08.19,12290.0,195.0,12155.0,12350.0,12150.0,23653641.0,6365115.0,-241561.0
2014.08.18,12095.0,-130.0,12295.0,12330.0,12060.0,20463332.0,-3372803.0,86915.0
2014.08.14,12225.0,75.0,12200.0,12360.0,12130.0,25444479.0,1900696.0,172722.0
2014.08.13,12150.0,115.0,12070.0,12150.0,12005.0,15067859.0,750770.0,-191893.0
2014.08.12,12035.0,15.0,12065.0,12180.0,12020.0,18011779.0,-2951906.0,7185.0
2014.08.11,12020.0,135.0,12070.0,12075.0,11960.0,15231601.0,-725711.0,9935.0
2014.08.08,11885.0,-305.0,12125.0,12130.0,11835.0,37545661.0,-13055992.0,-306275.0
2014.08.07,12190.0,-105.0,12250.0,12295.0,12115.0,21125866.0,-4922048.0,219394.0
2014.08.06,12295.0,-75.0,12340.0,12405.0,12230.0,16242111.0,-2558674.0,-64037.0
2014.08.05,12370.0,-185.0,12500.0,12525.0,12320.0,22349926.0,-4616919.0,-210550.0
2014.08.04,12555.0,15.0,12610.0,12630.0,12455.0,14883502.0,-759068.0,-338362.0
2014.08.01,12540.0,-95.0,12450.0,12665.0,12450.0,24005744.0,-1304908.0,248777.0
2014.07.31,12635.0,-135.0,12735.0,12880.0,12610.0,16647579.0,-1146952.0,156969.0
2014.07.30,12770.0,290.0,12550.0,12935.0,12520.0,35021039.0,8222034.0,176204.0
2014.07.29,12480.0,245.0,12315.0,12500.0,12295.0,25027392.0,6431739.0,89079.0
2014.07.28,12235.0,200.0,12065.0,12290.0,12040.0,26951694.0,13310965.0,88892.0
2014.07.25,12035.0,65.0,11990.0,12045.0,11980.0,12965817.0,1874414.0,-44566.0
2014.07.24,11970.0,5.0,11980.0,12075.0,11925.0,19176855.0,2472373.0,169706.0
2014.07.23,11965.0,-10.0,12025.0,12040.0,11935.0,18025281.0,1335482.0,-132953.0
2014.07.22,11975.0,145.0,11830.0,11985.0,11810.0,17167294.0,5998757.0,-17060.0
2014.07.21,11830.0,10.0,11910.0,12000.0,11825.0,21115905.0,2707490.0,111648.0
2014.07.18,11820.0,-35.0,11695.0,11820.0,11670.0,17178867.0,-372673.0,-253526.0
2014.07.17,11855.0,75.0,11830.0,11950.0,11825.0,25807513.0,9494150.0,332324.0
2014.07.16,11780.0,30.0,11750.0,11835.0,11725.0,14867540.0,4039635.0,-23514.0
2014.07.15,11750.0,235.0,11600.0,11805.0,11570.0,33648941.0,15713387.0,252774.0
2014.07.14,11515.0,100.0,11500.0,11600.0,11455.0,19249883.0,4250510.0,126347.0
2014.07.11,11415.0,-210.0,11510.0,11520.0,11375.0,35394968.0,-16811464.0,-129859.0
2014.07.10,11625.0,55.0,11625.0,11680.0,11570.0,14746879.0,2525239.0,-37578.0
2014.07.09,11570.0,-115.0,11580.0,11600.0,11495.0,19453041.0,-6448258.0,98250.0
2014.07.08,11685.0,-15.0,11720.0,11750.0,11590.0,18146689.0,138637.0,-223858.0
2014.07.07,11700.0,-115.0,11775.0,11815.0,11610.0,22637081.0,-4022931.0,-188115.0
2014.07.04,11815.0,-40.0,11950.0,11970.0,11795.0,15381071.0,-1738420.0,69092.0
2014.07.03,11855.0,-30.0,11900.0,11925.0,11835.0,10070059.0,-1325985.0,137643.0
2014.07.02,11885.0,175.0,11820.0,11975.0,11790.0,36498724.0,14338675.0,144918.0
2014.07.01,11710.0,-15.0,11670.0,11755.0,11565.0,19948311.0,107848.0,-323696.0
2014.06.30,11725.0,55.0,11710.0,11820.0,11700.0,17192966.0,3384985.0,413746.0
2014.06.27,11670.0,-60.0,11720.0,11780.0,11565.0,21832786.0,46237.0,-63445.0
2014.06.26,11730.0,165.0,11620.0,11790.0,11590.0,26707989.0,6944671.0,364588.0
2014.06.25,11565.0,-155.0,11695.0,11750.0,11540.0,23074786.0,-6644896.0,-86711.0
2014.06.24,11720.0,240.0,11420.0,11790.0,11415.0,31385987.0,11434041.0,395733.0
2014.06.23,11480.0,45.0,11465.0,11535.0,11380.0,19282005.0,-2193548.0,372519.0
2014.06.20,11435.0,-250.0,11645.0,11670.0,11320.0,43800491.0,-21136725.0,-937911.0
2014.06.19,11685.0,55.0,11725.0,11800.0,11610.0,18965259.0,-1020287.0,193566.0
2014.06.18,11630.0,-130.0,11740.0,11755.0,11605.0,16942566.0,-4315259.0,-128310.0
2014.06.17,11760.0,35.0,11710.0,11795.0,11660.0,14961879.0,650882.0,371255.0
2014.06.16,11725.0,135.0,11590.0,11735.0,11530.0,15837834.0,3112679.0,-3092.0
2014.06.13,11590.0,-325.0,11830.0,11840.0,11545.0,36515912.0,-19661352.0,-509145.0
2014.06.12,11915.0,-65.0,11970.0,11990.0,11850.0,12714799.0,-1818928.0,-175720.0
2014.06.11,11980.0,-30.0,11985.0,12060.0,11940.0,10495289.0,-278920.0,-118901.0
2014.06.10,12010.0,230.0,11900.0,12010.0,11845.0,14730918.0,5755504.0,395250.0
2014.06.09,11780.0,0.0,11890.0,12015.0,11760.0,19510652.0,-1910189.0,-590162.0
2014.06.05,11780.0,-130.0,11920.0,11950.0,11710.0,16600996.0,-4888930.0,196005.0
2014.06.03,11910.0,30.0,11920.0,11925.0,11735.0,14785335.0,1209851.0,-358730.0
2014.06.02,11880.0,40.0,11875.0,11970.0,11830.0,10768413.0,-1521080.0,364087.0
2014.05.30,11840.0,-190.0,12010.0,12090.0,11840.0,18440297.0,-1284760.0,-1096.0
2014.05.29,12030.0,-30.0,12120.0,12125.0,11980.0,12503009.0,1527828.0,-263487.0
2014.05.28,12060.0,250.0,11800.0,12060.0,11785.0,18284623.0,4718502.0,-70701.0
2014.05.27,11810.0,-240.0,12080.0,12100.0,11705.0,26977114.0,-3731126.0,-141795.0
2014.05.26,12050.0,-50.0,12120.0,12160.0,12030.0,11870171.0,-767181.0,101237.0
2014.05.23,12100.0,-45.0,12125.0,12165.0,12080.0,10564383.0,-1022727.0,58579.0
2014.05.22,12145.0,125.0,12100.0,12230.0,12060.0,22485840.0,4028040.0,158305.0
2014.05.21,12020.0,15.0,11930.0,12165.0,11915.0,22215702.0,4079246.0,124600.0
2014.05.20,12005.0,-25.0,11995.0,12080.0,11980.0,13328072.0,2605733.0,-224705.0
2014.05.19,12030.0,35.0,12040.0,12050.0,11875.0,17631423.0,1598133.0,99743.0
2014.05.16,11995.0,0.0,11900.0,12015.0,11890.0,18108944.0,1012995.0,-61356.0
2014.05.15,11995.0,-5.0,12000.0,12135.0,11975.0,36767214.0,12879489.0,-510999.0
2014.05.14,12000.0,310.0,11715.0,12020.0,11715.0,46449090.0,22246919.0,1308897.0
2014.05.13,11690.0,310.0,11465.0,11765.0,11435.0,37651922.0,16401197.0,417567.0
2014.05.12,11380.0,135.0,11245.0,11395.0,11160.0,19499140.0,2881805.0,-163805.0
2014.05.09,11245.0,25.0,11200.0,11320.0,11180.0,15651189.0,-1175824.0,-188858.0
2014.05.08,11220.0,110.0,11155.0,11220.0,11015.0,23956367.0,-7309789.0,218036.0
2014.05.07,11110.0,-245.0,11360.0,11405.0,11085.0,27806965.0,-14727994.0,9465.0
2014.05.02,11355.0,10.0,11425.0,11440.0,11300.0,14027921.0,-2300820.0,-445247.0
2014.04.30,11345.0,-110.0,11520.0,11550.0,11325.0,18904624.0,-6726841.0,86216.0
2014.04.29,11455.0,-115.0,11560.0,11600.0,11430.0,18229049.0,-5976138.0,358572.0
2014.04.28,11570.0,-20.0,11515.0,11625.0,11490.0,16362300.0,-2501904.0,430464.0
2014.04.25,11590.0,-325.0,11865.0,11890.0,11570.0,30426649.0,-11265504.0,-673419.0
2014.04.24,11915.0,-10.0,11965.0,12005.0,11860.0,13887817.0,756303.0,-244775.0
2014.04.23,11925.0,-35.0,12010.0,12065.0,11890.0,17193835.0,-735176.0,84876.0
2014.04.22,11960.0,0.0,11950.0,12000.0,11800.0,21075582.0,554641.0,-347572.0
2014.04.21,11960.0,-45.0,11980.0,12000.0,11865.0,10844014.0,-1803424.0,140647.0
2014.04.18,12005.0,185.0,11910.0,12025.0,11905.0,20352343.0,8027459.0,43034.0
2014.04.17,11820.0,-40.0,11925.0,11945.0,11750.0,15882722.0,-2848012.0,252551.0
2014.04.16,11860.0,100.0,11770.0,11885.0,11670.0,16228657.0,2442731.0,-176555.0
2014.04.15,11760.0,-140.0,11965.0,11995.0,11745.0,18655271.0,-2386845.0,101342.0
2014.04.14,11900.0,70.0,11780.0,11945.0,11760.0,12746351.0,1154362.0,-255028.0
2014.04.11,11830.0,-180.0,11830.0,11860.0,11740.0,20210985.0,-2602932.0,68251.0
2014.04.10,12010.0,45.0,12065.0,12105.0,11955.0,21145676.0,2498373.0,-76125.0
2014.04.09,11965.0,35.0,11985.0,12030.0,11930.0,16083442.0,2681413.0,87843.0
2014.04.08,11930.0,130.0,11715.0,11960.0,11700.0,16824140.0,5067998.0,-226447.0
2014.04.07,11800.0,-60.0,11755.0,11860.0,11690.0,18339089.0,983767.0,108397.0
2014.04.04,11860.0,95.0,11780.0,11920.0,11765.0,21059623.0,3485755.0,73837.0
2014.04.03,11765.0,-15.0,11795.0,11960.0,11765.0,30679341.0,9754952.0,166989.0
2014.04.02,11780.0,75.0,11795.0,11830.0,11755.0,21919009.0,7041158.0,14792.0
2014.04.01,11705.0,100.0,11625.0,11780.0,11535.0,32830023.0,7779635.0,-246122.0
2014.03.31,11605.0,40.0,11650.0,11700.0,11545.0,24094790.0,6115590.0,120850.0
2014.03.28,11565.0,0.0,11550.0,11690.0,11525.0,28896817.0,8357206.0,-110051.0
2014.03.27,11565.0,125.0,11425.0,11595.0,11375.0,27166719.0,11979072.0,159136.0
2014.03.26,11440.0,320.0,11270.0,11475.0,11265.0,36755585.0,20259535.0,-30526.0
2014.03.25,11120.0,-35.0,11130.0,11215.0,11075.0,16923572.0,942401.0,14124.0
2014.03.24,11155.0,105.0,11080.0,11245.0,11055.0,22437183.0,3625484.0,-62840.0
2014.03.21,11050.0,175.0,10955.0,11050.0,10925.0,15848082.0,2621471.0,101961.0
2014.03.20,10875.0,-280.0,11060.0,11065.0,10845.0,32499161.0,-14610171.0,420140.0
2014.03.19,11155.0,15.0,11230.0,11270.0,11100.0,18303042.0,2202180.0,-393870.0
2014.03.18,11140.0,135.0,11160.0,11230.0,11015.0,24765174.0,-502424.0,595242.0
2014.03.17,11005.0,90.0,10885.0,11005.0,10855.0,12871785.0,-205272.0,-351476.0
2014.03.14,10915.0,-240.0,10945.0,10970.0,10815.0,28257877.0,-11283328.0,-135348.0
2014.03.13,11155.0,55.0,11200.0,11220.0,11050.0,26265866.0,-2752095.0,-45230.0
2014.03.12,11100.0,-335.0,11350.0,11360.0,11080.0,41149587.0,-17269585.0,-329287.0
2014.03.11,11435.0,80.0,11385.0,11450.0,11345.0,13700979.0,144096.0,302900.0
2014.03.10,11355.0,-300.0,11510.0,11540.0,11340.0,27629247.0,-11549502.0,-274454.0
2014.03.07,11655.0,-35.0,11755.0,11795.0,11550.0,24322489.0,1187304.0,113452.0
2014.03.06,11690.0,-5.0,11675.0,11705.0,11640.0,11222526.0,-552192.0,109902.0
2014.03.05,11695.0,235.0,11670.0,11760.0,11665.0,21780405.0,6624100.0,10219.0
2014.03.04,11460.0,-60.0,11460.0,11535.0,11420.0,17088515.0,-1990357.0,-81616.0
2014.03.03,11520.0,-175.0,11530.0,11600.0,11400.0,23623716.0,-2530953.0,-215184.0
2014.02.28,11695.0,-5.0,11700.0,11805.0,11650.0,26011022.0,5176360.0,409579.0
2014.02.27,11700.0,45.0,11615.0,11720.0,11570.0,21515878.0,5432185.0,-179586.0
2014.02.26,11655.0,75.0,11540.0,11690.0,11500.0,23824864.0,5246669.0,149673.0
2014.02.25,11580.0,195.0,11510.0,11620.0,11460.0,30196331.0,10344152.0,-38718.0
2014.02.24,11385.0,-80.0,11450.0,11510.0,11330.0,17913154.0,-1339100.0,54354.0
2014.02.21,11465.0,350.0,11280.0,11470.0,11265.0,28739593.0,13408992.0,-145957.0
2014.02.20,11115.0,-125.0,11125.0,11280.0,11050.0,26796657.0,-2663397.0,-69917.0
2014.02.19,11240.0,-125.0,11300.0,11315.0,11125.0,29636793.0,-4506650.0,-114705.0
2014.02.18,11365.0,5.0,11345.0,11430.0,11185.0,28391067.0,438180.0,-235701.0
2014.02.17,11360.0,30.0,11475.0,11525.0,11340.0,20522738.0,576595.0,237339.0
2014.02.14,11330.0,260.0,11135.0,11420.0,11120.0,30391153.0,9191937.0,319204.0
2014.02.13,11070.0,-190.0,11255.0,11345.0,11045.0,24923181.0,-2534646.0,-86184.0
2014.02.12,11260.0,60.0,11285.0,11370.0,11200.0,24949363.0,2669131.0,488418.0
2014.02.11,11200.0,125.0,11010.0,11250.0,11010.0,18604956.0,6016386.0,-576428.0
2014.02.10,11075.0,5.0,11120.0,11165.0,10990.0,13197796.0,-194864.0,398047.0
2014.02.07,11070.0,160.0,11050.0,11120.0,10940.0,21376938.0,2120744.0,-46169.0
2014.02.06,10910.0,170.0,10795.0,10985.0,10780.0,19856812.0,3778756.0,-104312.0
2014.02.05,10740.0,85.0,10760.0,10800.0,10640.0,20591178.0,804097.0,-68081.0
2014.02.04,10655.0,-410.0,10830.0,10835.0,10605.0,44891121.0,-20453942.0,-40375.0
2014.02.03,11065.0,-290.0,11230.0,11265.0,11005.0,22290595.0,-7130609.0,204240.0
2014.01.29,11355.0,225.0,11205.0,11395.0,11190.0,20574568.0,4747774.0,33089.0
2014.01.28,11130.0,75.0,10980.0,11145.0,10950.0,14817164.0,-81773.0,-269844.0
2014.01.27,11055.0,-275.0,11020.0,11135.0,10885.0,39154816.0,-6685835.0,-100930.0
2014.01.24,11330.0,-100.0,11340.0,11390.0,11175.0,37999777.0,-13774925.0,472917.0
2014.01.23,11430.0,-260.0,11715.0,11720.0,11430.0,32151861.0,-8870555.0,60097.0
2014.01.22,11690.0,-20.0,11655.0,11710.0,11615.0,13215486.0,-437742.0,-90607.0
2014.01.21,11710.0,165.0,11530.0,11715.0,11485.0,21214015.0,6830731.0,-13563.0
2014.01.20,11545.0,135.0,11385.0,11580.0,11250.0,23323738.0,1813831.0,236860.0
2014.01.17,11410.0,-195.0,11590.0,11625.0,11360.0,23919597.0,-3442029.0,-207592.0
2014.01.16,11605.0,100.0,11555.0,11670.0,11540.0,17118761.0,1099517.0,159821.0
2014.01.15,11505.0,65.0,11560.0,11585.0,11435.0,15854723.0,-1109975.0,-112941.0
2014.01.14,11440.0,-35.0,11415.0,11665.0,11310.0,28635314.0,378005.0,184779.0
2014.01.13,11475.0,140.0,11400.0,11525.0,11355.0,15068608.0,2540490.0,-6201.0
2014.01.10,11335.0,-180.0,11455.0,11585.0,11230.0,41981352.0,-11500210.0,-425460.0
2014.01.09,11515.0,-125.0,11640.0,11670.0,11515.0,19795217.0,-4175192.0,186494.0
2014.01.08,11640.0,-15.0,11715.0,11760.0,11495.0,25842194.0,-3143626.0,106889.0
2014.01.07,11655.0,70.0,11450.0,11735.0,11450.0,23200330.0,-493244.0,-28581.0
2014.01.06,11585.0,65.0,11530.0,11720.0,11445.0,29110627.0,-3847031.0,123530.0
2014.01.03,11520.0,-260.0,11760.0,11780.0,11375.0,50990325.0,-20504832.0,42524.0
2014.01.02,11780.0,-645.0,12490.0,12500.0,11775.0,40155543.0,-13034895.0,-628988.0
2013.12.30,12425.0,60.0,12455.0,12460.0,12350.0,11862033.0,2430860.0,281395.0
2013.12.27,12365.0,205.0,12200.0,12415.0,12145.0,22759957.0,9781273.0,146922.0
2013.12.26,12160.0,-55.0,12255.0,12315.0,12155.0,20142783.0,7376877.0,-242291.0
2013.12.24,12215.0,70.0,12200.0,12300.0,12140.0,22181357.0,8386761.0,-384004.0
2013.12.23,12145.0,195.0,12060.0,12210.0,12040.0,21266326.0,7611351.0,220283.0
2013.12.20,11950.0,85.0,11850.0,12020.0,11820.0,18125158.0,3064482.0,-170664.0
2013.12.19,11865.0,-65.0,12170.0,12200.0,11765.0,26609084.0,-2429841.0,220228.0
2013.12.18,11930.0,160.0,11770.0,11970.0,11745.0,18203120.0,2269921.0,-9454.0
2013.12.17,11770.0,115.0,11840.0,11910.0,11710.0,20149020.0,115945.0,316666.0
2013.12.16,11655.0,20.0,11580.0,11740.0,11520.0,19605899.0,-278979.0,107298.0
2013.12.13,11635.0,-130.0,11735.0,11735.0,11460.0,33908919.0,-8730306.0,225928.0
2013.12.12,11765.0,-85.0,11730.0,11795.0,11605.0,31061212.0,-11036013.0,-155281.0
2013.12.11,11850.0,-250.0,11970.0,12210.0,11800.0,30610960.0,-6940531.0,-360951.0
2013.12.10,12100.0,-90.0,12175.0,12180.0,12060.0,13282078.0,134691.0,-718231.0
2013.12.09,12190.0,235.0,12205.0,12250.0,12115.0,16892454.0,2076925.0,176164.0
2013.12.06,11955.0,10.0,11935.0,12030.0,11875.0,18912696.0,-2225103.0,83419.0
2013.12.05,11945.0,-75.0,12050.0,12090.0,11755.0,36512859.0,-9771504.0,-56405.0
2013.12.04,12020.0,-300.0,12200.0,12245.0,12005.0,33070923.0,-11874279.0,-150314.0
2013.12.03,12320.0,-285.0,12465.0,12530.0,12280.0,23121191.0,-7817517.0,-265600.0
2013.12.02,12605.0,-170.0,12790.0,12915.0,12570.0,23794862.0,-1078245.0,-135255.0
2013.11.29,12775.0,-25.0,12750.0,12900.0,12725.0,19002132.0,760482.0,7636.0
2013.11.28,12800.0,235.0,12710.0,12870.0,12705.0,29850321.0,8322065.0,157251.0
2013.11.27,12565.0,70.0,12370.0,12575.0,12260.0,25080434.0,2094193.0,178059.0
2013.11.26,12495.0,60.0,12240.0,12525.0,12100.0,37678123.0,-92985.0,6918.0
2013.11.25,12435.0,195.0,12340.0,12625.0,12335.0,27819686.0,3923180.0,-74725.0
2013.11.22,12240.0,195.0,12185.0,12350.0,12060.0,23247550.0,1691725.0,70753.0
2013.11.21,12045.0,-400.0,12400.0,12410.0,11955.0,34375649.0,-9553812.0,-346598.0
2013.11.20,12445.0,-195.0,12590.0,12625.0,12395.0,19511252.0,-2095030.0,102599.0
2013.11.19,12640.0,295.0,12320.0,12725.0,12290.0,28618951.0,6126712.0,85768.0
2013.11.18,12345.0,55.0,12400.0,12430.0,12305.0,16324754.0,1816053.0,-255736.0
2013.11.15,12290.0,465.0,11945.0,12325.0,11935.0,26605444.0,4919388.0,319206.0
2013.11.14,11825.0,115.0,11875.0,11935.0,11710.0,22229341.0,292934.0,130590.0
2013.11.13,11710.0,-470.0,12100.0,12130.0,11710.0,28405910.0,-9529941.0,-69365.0
2013.11.12,12180.0,195.0,11985.0,12235.0,11985.0,14973191.0,759374.0,-191759.0
2013.11.11,11985.0,-15.0,12060.0,12075.0,11920.0,13840048.0,-3080004.0,64992.0
2013.11.08,12000.0,-185.0,12010.0,12120.0,11975.0,17978438.0,-4686244.0,54554.0
2013.11.07,12185.0,-190.0,12390.0,12400.0,12135.0,18365383.0,-3736616.0,-436800.0
2013.11.06,12375.0,5.0,12325.0,12470.0,12305.0,15338680.0,-59514.0,-104102.0
2013.11.05,12370.0,-130.0,12500.0,12560.0,12305.0,17674559.0,87634.0,-695501.0
2013.11.04,12500.0,-215.0,12655.0,12665.0,12485.0,22753241.0,-207466.0,-152752.0
2013.11.01,12715.0,70.0,12710.0,12745.0,12645.0,14530909.0,148161.0,142689.0
2013.10.31,12645.0,-385.0,12890.0,12955.0,12645.0,21634910.0,-4842181.0,-128859.0
2013.10.30,13030.0,80.0,13005.0,13050.0,12835.0,21858479.0,1342683.0,255803.0
2013.10.29,12950.0,95.0,12800.0,13000.0,12720.0,23212230.0,118903.0,137765.0
2013.10.28,12855.0,240.0,12690.0,12870.0,12650.0,16812173.0,3603835.0,-306521.0
2013.10.25,12615.0,-205.0,12800.0,12815.0,12505.0,23850509.0,-3015100.0,17780.0
2013.10.24,12820.0,95.0,12725.0,12820.0,12650.0,17932457.0,561247.0,-184291.0
2013.10.23,12725.0,-325.0,13090.0,13130.0,12725.0,23736415.0,-3478109.0,113677.0
2013.10.22,13050.0,15.0,13015.0,13060.0,12950.0,12458834.0,1944101.0,-106497.0
2013.10.21,13035.0,-5.0,13070.0,13130.0,13030.0,13769552.0,-2090274.0,-21077.0
2013.10.18,13040.0,120.0,12990.0,13045.0,12950.0,18167499.0,3826493.0,328180.0
2013.10.17,12920.0,100.0,12985.0,13025.0,12855.0,23794540.0,2297397.0,71256.0
2013.10.16,12820.0,40.0,12835.0,12985.0,12800.0,23980537.0,1866037.0,50306.0
2013.10.15,12780.0,190.0,12735.0,12910.0,12725.0,25108375.0,1947763.0,141492.0
2013.10.14,12590.0,-35.0,12615.0,12650.0,12540.0,16006864.0,-2008770.0,283371.0
2013.10.11,12625.0,435.0,12400.0,12645.0,12325.0,38008652.0,11196793.0,-253414.0
2013.10.10,12190.0,-55.0,12235.0,12345.0,12135.0,26660408.0,-1899492.0,-232493.0
2013.10.08,12245.0,130.0,12075.0,12245.0,11955.0,24171591.0,2797863.0,-30636.0
2013.10.07,12115.0,-30.0,12170.0,12225.0,12075.0,14751539.0,-951850.0,50895.0
2013.10.04,12145.0,-15.0,12165.0,12235.0,11985.0,25093342.0,-46359.0,147477.0
2013.10.02,12160.0,0.0,12305.0,12330.0,12160.0,21125457.0,483864.0,-1000964.0
2013.10.01,12160.0,45.0,12070.0,12340.0,12070.0,24907888.0,1306504.0,327209.0
2013.09.30,12115.0,-205.0,12155.0,12265.0,12040.0,25262371.0,1281.0,-888945.0
2013.09.27,12320.0,25.0,12360.0,12365.0,12235.0,20315484.0,1211076.0,-278837.0
2013.09.26,12295.0,210.0,12035.0,12295.0,12000.0,23578934.0,5228955.0,-88734.0
2013.09.25,12085.0,-155.0,12270.0,12290.0,12045.0,28960323.0,-2277783.0,196614.0
2013.09.24,12240.0,-20.0,12120.0,12295.0,12070.0,25135269.0,1020847.0,-82243.0
2013.09.23,12260.0,40.0,12220.0,12420.0,12040.0,25470540.0,145832.0,722946.0
2013.09.17,12220.0,-120.0,12300.0,12305.0,12120.0,23369142.0,-660561.0,-236423.0
2013.09.16,12340.0,275.0,12310.0,12460.0,12285.0,24653581.0,5505116.0,-140309.0
2013.09.13,12065.0,-120.0,12085.0,12280.0,12055.0,22708749.0,2141413.0,362254.0
2013.09.12,12185.0,10.0,12230.0,12465.0,12160.0,47225138.0,9861092.0,-201543.0
2013.09.11,12175.0,95.0,12120.0,12220.0,12055.0,32941042.0,7137609.0,-82135.0
2013.09.10,12080.0,260.0,11855.0,12090.0,11835.0,39391454.0,11892432.0,-161846.0
2013.09.09,11820.0,200.0,11710.0,11885.0,11680.0,34487555.0,9594559.0,-235197.0
2013.09.06,11620.0,60.0,11560.0,11720.0,11510.0,26401122.0,7230056.0,-184992.0
2013.09.05,11560.0,230.0,11410.0,11615.0,11350.0,35967509.0,11483201.0,891338.0
2013.09.04,11330.0,5.0,11275.0,11380.0,11155.0,25525304.0,3293447.0,-346066.0
2013.09.03,11325.0,85.0,11355.0,11430.0,11280.0,26743021.0,3116866.0,562326.0
2013.09.02,11240.0,10.0,11210.0,11370.0,11190.0,30267042.0,4578681.0,-240119.0
2013.08.30,11230.0,165.0,11170.0,11250.0,11050.0,36028755.0,9093043.0,1744039.0
2013.08.29,11065.0,325.0,10775.0,11140.0,10760.0,43641626.0,15072879.0,1201209.0
2013.08.28,10740.0,55.0,10445.0,10740.0,10435.0,30060974.0,3014628.0,-143770.0
2013.08.27,10685.0,-25.0,10665.0,10820.0,10635.0,24691460.0,3420263.0,-224369.0
2013.08.26,10710.0,215.0,10530.0,10785.0,10525.0,23526190.0,6131821.0,109611.0
2013.08.23,10495.0,260.0,10330.0,10555.0,10290.0,29645864.0,4482320.0,-13788.0
2013.08.22,10235.0,-200.0,10230.0,10345.0,10115.0,41189597.0,-6653002.0,-140730.0
2013.08.21,10435.0,-255.0,10745.0,10745.0,10390.0,37678222.0,-8736957.0,-1165334.0
2013.08.20,10690.0,-315.0,10895.0,11120.0,10680.0,36419963.0,-5374499.0,202455.0
2013.08.19,11005.0,-10.0,10975.0,11015.0,10895.0,15876238.0,181069.0,-700342.0
2013.08.16,11015.0,-45.0,10845.0,11165.0,10790.0,28969723.0,5010970.0,381878.0
2013.08.14,11060.0,140.0,10975.0,11090.0,10900.0,23362460.0,5209990.0,-158553.0
2013.08.13,10920.0,325.0,10650.0,10940.0,10630.0,23931161.0,7390515.0,181271.0
2013.08.12,10595.0,35.0,10495.0,10690.0,10460.0,21123210.0,696866.0,-86700.0
2013.08.09,10560.0,5.0,10555.0,10615.0,10445.0,23191738.0,-998854.0,83818.0
2013.08.08,10555.0,35.0,10555.0,10720.0,10480.0,29987098.0,724532.0,-121447.0
2013.08.07,10520.0,-305.0,10675.0,10745.0,10520.0,26398481.0,-6307728.0,-7527.0
2013.08.06,10825.0,-215.0,10995.0,11000.0,10725.0,29208281.0,-4249453.0,-305218.0
2013.08.05,11040.0,-105.0,11080.0,11180.0,11030.0,15901553.0,-1754401.0,-24353.0
2013.08.02,11145.0,95.0,11200.0,11280.0,11090.0,25426871.0,4008330.0,308930.0
2013.08.01,11050.0,30.0,11025.0,11180.0,10865.0,30364400.0,2785386.0,100381.0
2013.07.31,11020.0,-55.0,11050.0,11105.0,10985.0,13735686.0,514943.0,-152666.0
2013.07.30,11075.0,170.0,10895.0,11100.0,10875.0,19778898.0,5160979.0,444975.0
2013.07.29,10905.0,-85.0,10950.0,11030.0,10850.0,23386903.0,203615.0,-209381.0
2013.07.26,10990.0,40.0,11030.0,11070.0,10890.0,22061279.0,1668087.0,452358.0
2013.07.25,10950.0,-10.0,10900.0,11040.0,10870.0,22666087.0,3512188.0,-199098.0
2013.07.24,10960.0,85.0,10875.0,10980.0,10825.0,21153864.0,4509206.0,-110566.0
2013.07.23,10875.0,295.0,10650.0,10925.0,10600.0,41272747.0,14918698.0,393828.0
2013.07.22,10580.0,70.0,10610.0,10810.0,10520.0,35932592.0,2460386.0,132897.0
2013.07.19,10510.0,-30.0,10580.0,10630.0,10340.0,36210265.0,-1061290.0,282063.0
2013.07.18,10540.0,-170.0,10630.0,10675.0,10490.0,30317492.0,-3508135.0,-805079.0
2013.07.17,10710.0,210.0,10540.0,10845.0,10340.0,50309973.0,9808926.0,819465.0
2013.07.16,10500.0,-90.0,10595.0,10650.0,10415.0,24170189.0,-2220146.0,-520636.0
2013.07.15,10590.0,70.0,10525.0,10685.0,10245.0,41887116.0,1875121.0,-427051.0
2013.07.12,10520.0,-130.0,10650.0,10655.0,10485.0,22577879.0,-1462121.0,451675.0
2013.07.11,10650.0,680.0,10230.0,10695.0,10175.0,45653694.0,14684350.0,482385.0
2013.07.10,9970.0,-155.0,10125.0,10170.0,9915.0,27611424.0,-3453502.0,-671859.0
2013.07.09,10125.0,175.0,10060.0,10140.0,9890.0,27751457.0,758640.0,22271.0
2013.07.08,9950.0,-185.0,10075.0,10240.0,9845.0,33003346.0,-4056915.0,538744.0
2013.07.05,10135.0,-90.0,10400.0,10460.0,10055.0,36645210.0,-3579090.0,-809807.0
2013.07.04,10225.0,145.0,10095.0,10265.0,10060.0,22512381.0,2020113.0,-126717.0
2013.07.03,10080.0,-390.0,10390.0,10465.0,10020.0,36204194.0,-4291451.0,266597.0
2013.07.02,10470.0,-5.0,10530.0,10590.0,10370.0,26823788.0,-1129212.0,514345.0
2013.07.01,10475.0,-10.0,10310.0,10540.0,10305.0,17980840.0,2096945.0,-499773.0
2013.06.28,10485.0,260.0,10290.0,10615.0,10280.0,40123218.0,8659304.0,466844.0
2013.06.27,10225.0,570.0,9890.0,10265.0,9875.0,37326194.0,8804345.0,-110407.0
2013.06.26,9655.0,-45.0,9855.0,9865.0,9585.0,39664854.0,-6788820.0,-516292.0
2013.06.25,9700.0,-140.0,9750.0,9985.0,9590.0,54394727.0,-7448599.0,488953.0
2013.06.24,9840.0,-220.0,10085.0,10085.0,9830.0,31208900.0,-4943756.0,903088.0
2013.06.21,10060.0,-340.0,10010.0,10095.0,9925.0,44207639.0,-10236324.0,215875.0
2013.06.20,10400.0,-500.0,10615.0,10650.0,10325.0,48507127.0,-11391832.0,-666546.0
2013.06.19,10900.0,-80.0,11000.0,11000.0,10790.0,21010294.0,-5158849.0,134864.0
2013.06.18,10980.0,145.0,10890.0,10980.0,10715.0,27124453.0,-2303571.0,270169.0
2013.06.17,10835.0,-10.0,10880.0,11010.0,10770.0,23657183.0,-2874617.0,147139.0
2013.06.14,10845.0,-55.0,10990.0,10995.0,10765.0,30587294.0,-8721698.0,-36001.0
2013.06.13,10900.0,-275.0,11090.0,11145.0,10820.0,46120935.0,-16711708.0,342954.0
2013.06.12,11175.0,-210.0,11280.0,11355.0,11145.0,29575673.0,-10375617.0,-74499.0
2013.06.11,11385.0,-165.0,11555.0,11555.0,11240.0,32625639.0,-10606576.0,-782774.0
2013.06.10,11550.0,50.0,11570.0,11595.0,11450.0,22304990.0,-7652603.0,565278.0
2013.06.07,11500.0,-450.0,11900.0,11930.0,11500.0,54221834.0,-25915942.0,111337.0
2013.06.05,11950.0,-315.0,12250.0,12270.0,11950.0,27120329.0,-9677513.0,9494.0
2013.06.04,12265.0,-60.0,12440.0,12445.0,12125.0,23367546.0,-5550853.0,104747.0
2013.06.03,12325.0,-90.0,12300.0,12405.0,12275.0,14323699.0,288773.0,-296005.0
2013.05.31,12415.0,55.0,12440.0,12565.0,12415.0,25953108.0,6141445.0,30812.0
2013.05.30,12360.0,-25.0,12355.0,12480.0,12325.0,19163400.0,2924586.0,-190946.0
2013.05.29,12385.0,205.0,12250.0,12460.0,12215.0,34686203.0,12628708.0,37300.0
2013.05.28,12180.0,85.0,12135.0,12250.0,12020.0,19830245.0,1940003.0,290897.0
2013.05.27,12095.0,110.0,11950.0,12170.0,11915.0,18713065.0,4575702.0,-291494.0
2013.05.24,11985.0,35.0,12060.0,12085.0,11835.0,18834396.0,-659591.0,-6315.0
2013.05.23,11950.0,-340.0,12150.0,12215.0,11950.0,30606793.0,-7348019.0,147730.0
2013.05.22,12290.0,170.0,12225.0,12375.0,12190.0,25985509.0,8958845.0,-320735.0
2013.05.21,12120.0,-25.0,12225.0,12350.0,12095.0,16962493.0,-601382.0,-212699.0
2013.05.20,12145.0,-10.0,12215.0,12240.0,12105.0,19245983.0,229895.0,-692404.0
2013.05.16,12155.0,220.0,11980.0,12290.0,11975.0,42389827.0,17951298.0,98177.0
2013.05.15,11935.0,10.0,11955.0,11980.0,11825.0,17504782.0,318882.0,-133058.0
2013.05.14,11925.0,270.0,11670.0,12010.0,11670.0,36108623.0,13065034.0,17713.0
2013.05.13,11655.0,65.0,11510.0,11655.0,11420.0,15274316.0,1214235.0,161499.0
2013.05.10,11590.0,-520.0,12065.0,12090.0,11575.0,47513384.0,-19855662.0,-137622.0
2013.05.09,12110.0,365.0,11795.0,12150.0,11770.0,42140006.0,13611209.0,-55536.0
2013.05.08,11745.0,-20.0,11830.0,11900.0,11695.0,22338730.0,-2231267.0,-14434.0
2013.05.07,11765.0,-75.0,11840.0,11870.0,11705.0,20332985.0,-2498283.0,117194.0
2013.05.06,11840.0,-60.0,12020.0,12190.0,11840.0,29664996.0,1760252.0,8189.0
2013.05.03,11900.0,90.0,11950.0,11955.0,11750.0,21000979.0,1476245.0,224690.0
2013.05.02,11810.0,-125.0,11850.0,11925.0,11780.0,13767537.0,-1190061.0,-451931.0
2013.04.30,11935.0,315.0,11695.0,11990.0,11690.0,29014258.0,11967721.0,-62859.0
2013.04.29,11620.0,-75.0,11690.0,11695.0,11520.0,16377748.0,308386.0,-223725.0
2013.04.26,11695.0,-35.0,11705.0,11775.0,11655.0,18969818.0,1653787.0,159294.0
2013.04.25,11730.0,130.0,11605.0,11760.0,11570.0,23744073.0,4536991.0,-142789.0
2013.04.24,11600.0,200.0,11520.0,11660.0,11395.0,28915903.0,4927493.0,-255353.0
2013.04.23,11400.0,-105.0,11465.0,11495.0,11245.0,26510453.0,-3571352.0,477686.0
2013.04.22,11505.0,210.0,11205.0,11535.0,11180.0,26738432.0,1210848.0,-20604.0
2013.04.19,11295.0,60.0,11220.0,11370.0,11085.0,27059487.0,-1389319.0,53308.0
2013.04.18,11235.0,-295.0,11380.0,11480.0,11235.0,32594838.0,-5611362.0,-252084.0
2013.04.17,11530.0,-10.0,11630.0,11680.0,11325.0,24190022.0,-3123089.0,232670.0
2013.04.16,11540.0,-65.0,11350.0,11670.0,11220.0,42740294.0,-3975110.0,-89350.0
2013.04.15,11605.0,40.0,11485.0,11685.0,11365.0,29881331.0,-2983397.0,201684.0
2013.04.12,11565.0,-445.0,12010.0,12045.0,11500.0,41380730.0,-12720347.0,-457650.0
2013.04.11,12010.0,195.0,11945.0,12010.0,11705.0,30997402.0,-143045.0,655112.0
2013.04.10,11815.0,150.0,11785.0,11925.0,11660.0,27973629.0,1564139.0,-246583.0
2013.04.09,11665.0,-15.0,11655.0,11885.0,11475.0,40534091.0,-4007745.0,-187748.0
2013.04.08,11680.0,-10.0,11715.0,11820.0,11630.0,21271329.0,-1668370.0,1183521.0
2013.04.05,11690.0,-355.0,11920.0,11980.0,11600.0,49541003.0,-18857563.0,-287431.0
2013.04.04,12045.0,-330.0,12185.0,12225.0,11910.0,47580150.0,-18603552.0,-1242541.0
2013.04.03,12375.0,-65.0,12520.0,12520.0,12230.0,24470072.0,-4110445.0,27096.0
2013.04.02,12440.0,-220.0,12640.0,12690.0,12265.0,27295719.0,-6105166.0,-329057.0
2013.04.01,12660.0,-80.0,12785.0,12785.0,12630.0,11001248.0,-1377964.0,-581045.0
2013.03.29,12740.0,130.0,12735.0,12880.0,12720.0,27549895.0,6703295.0,478559.0
2013.03.28,12610.0,-10.0,12570.0,12655.0,12510.0,15238796.0,460348.0,476354.0
2013.03.27,12620.0,205.0,12500.0,12675.0,12260.0,35474319.0,4838505.0,815431.0
2013.03.26,12415.0,45.0,12345.0,12520.0,12315.0,23106184.0,3357740.0,-602190.0
2013.03.25,12370.0,415.0,12140.0,12445.0,12135.0,30653875.0,4895376.0,1071697.0
2013.03.22,11955.0,-55.0,12005.0,12040.0,11915.0,24279453.0,-4474008.0,181199.0
2013.03.21,12010.0,-150.0,12275.0,12280.0,11985.0,38836700.0,-13842479.0,268613.0
2013.03.20,12160.0,-235.0,12300.0,12355.0,12135.0,37542816.0,-9570984.0,-367040.0
2013.03.19,12395.0,80.0,12395.0,12555.0,12330.0,22169707.0,926133.0,-296732.0
2013.03.18,12315.0,-220.0,12400.0,12455.0,12260.0,29206448.0,-8061166.0,746765.0
2013.03.15,12535.0,-205.0,12835.0,12855.0,12480.0,33999250.0,-5813566.0,-1094007.0
2013.03.14,12740.0,0.0,12735.0,12745.0,12425.0,45948986.0,-10549941.0,268422.0
2013.03.13,12740.0,85.0,12655.0,12790.0,12610.0,20100032.0,342681.0,-735999.0
2013.03.12,12655.0,-195.0,12920.0,12970.0,12640.0,21549796.0,-5422408.0,-313702.0
2013.03.11,12850.0,-35.0,12850.0,12950.0,12600.0,31425775.0,-1213206.0,11678.0
2013.03.08,12885.0,-15.0,12900.0,12990.0,12800.0,21061769.0,-1874812.0,457455.0
2013.03.07,12900.0,-235.0,13090.0,13160.0,12880.0,32649226.0,-6983909.0,-156769.0
2013.03.06,13135.0,-20.0,13385.0,13420.0,13100.0,31448929.0,-3576567.0,211646.0
2013.03.05,13155.0,100.0,13160.0,13390.0,13155.0,26420188.0,2907748.0,-182337.0
2013.03.04,13055.0,-235.0,13270.0,13340.0,13035.0,21012960.0,-2354275.0,-1253189.0
2013.02.28,13290.0,280.0,13190.0,13385.0,13165.0,29535018.0,4139700.0,125149.0
2013.02.27,13010.0,15.0,13070.0,13120.0,12930.0,21368177.0,215982.0,416180.0
2013.02.26,12995.0,-140.0,12935.0,13095.0,12880.0,27986391.0,-1661704.0,678611.0
2013.02.25,13135.0,-90.0,13255.0,13325.0,13115.0,24889759.0,-1720905.0,-308576.0
2013.02.22,13225.0,45.0,13105.0,13415.0,13095.0,28331623.0,976853.0,-118105.0
2013.02.21,13180.0,-115.0,13175.0,13280.0,13150.0,16773480.0,602118.0,-968264.0
2013.02.20,13295.0,545.0,12875.0,13325.0,12845.0,49157341.0,16235355.0,914172.0
2013.02.19,12750.0,80.0,12685.0,12840.0,12640.0,21020390.0,1906437.0,366732.0
2013.02.18,12670.0,-30.0,12635.0,12770.0,12545.0,21415103.0,-576147.0,-319713.0
2013.02.15,12700.0,-10.0,12725.0,12755.0,12640.0,15773253.0,93620.0,-319915.0
2013.02.14,12710.0,60.0,12650.0,12815.0,12595.0,25475521.0,315086.0,1095790.0
2013.02.13,12650.0,460.0,12280.0,12660.0,12265.0,31314419.0,9298261.0,248327.0
2013.02.12,12190.0,-50.0,12305.0,12315.0,12165.0,19046655.0,-3154821.0,288540.0
2013.02.08,12240.0,265.0,11915.0,12310.0,11895.0,24614979.0,4629462.0,-209306.0
2013.02.07,11975.0,-10.0,11995.0,12130.0,11905.0,23582326.0,-49800.0,-381899.0
2013.02.06,11985.0,-30.0,12090.0,12095.0,11965.0,17305035.0,-2798957.0,450965.0
2013.02.05,12015.0,-195.0,12050.0,12095.0,11895.0,33596847.0,-4757287.0,-552041.0
2013.02.04,12210.0,-75.0,12385.0,12440.0,12205.0,20904780.0,-3258826.0,426390.0
2013.02.01,12285.0,-30.0,12340.0,12460.0,12080.0,28383502.0,1107345.0,-580556.0
2013.01.31,12315.0,-55.0,12280.0,12365.0,12235.0,16523655.0,-1049114.0,157317.0
2013.01.30,12370.0,80.0,12350.0,12465.0,12195.0,24508457.0,1408570.0,297881.0
2013.01.29,12290.0,215.0,12135.0,12325.0,12090.0,18930644.0,2955242.0,-506573.0
2013.01.28,12075.0,-65.0,12045.0,12140.0,11970.0,24835131.0,-3810158.0,146827.0
2013.01.25,12140.0,-275.0,12445.0,12470.0,12060.0,39255938.0,-12845453.0,139311.0
2013.01.24,12415.0,-215.0,12565.0,12660.0,12390.0,36274777.0,-8274540.0,-569459.0
2013.01.23,12630.0,-250.0,12920.0,13000.0,12630.0,21795128.0,-3824928.0,-113138.0
2013.01.22,12880.0,145.0,12755.0,12880.0,12655.0,24866634.0,485701.0,440577.0
2013.01.21,12735.0,45.0,12700.0,12840.0,12505.0,24458785.0,1257749.0,-336113.0
2013.01.18,12690.0,95.0,12810.0,12820.0,12560.0,20701413.0,-338635.0,-397376.0
2013.01.17,12595.0,25.0,12710.0,12740.0,12445.0,24784439.0,-1276357.0,303853.0
2013.01.16,12570.0,-195.0,12835.0,12900.0,12510.0,21579015.0,-2060069.0,108868.0
2013.01.15,12765.0,-285.0,12995.0,13215.0,12750.0,29248725.0,-3785777.0,-148604.0
2013.01.14,13050.0,140.0,12840.0,13075.0,12760.0,16441914.0,1420671.0,17695.0
2013.01.11,12910.0,-170.0,13255.0,13260.0,12710.0,36345728.0,-3393422.0,122515.0
2013.01.10,13080.0,230.0,12875.0,13135.0,12780.0,24645426.0,527023.0,-390084.0
2013.01.09,12850.0,-110.0,12995.0,13085.0,12830.0,17811659.0,-738986.0,-265596.0
2013.01.08,12960.0,-260.0,13135.0,13200.0,12955.0,16431855.0,-1821953.0,-955150.0
2013.01.07,13220.0,25.0,13210.0,13265.0,13025.0,16936925.0,556687.0,85765.0
2013.01.04,13195.0,-205.0,13375.0,13425.0,13160.0,17868956.0,-2237922.0,398272.0
2013.01.03,13400.0,-95.0,13700.0,13725.0,13400.0,18267442.0,-1096474.0,-840208.0
2013.01.02,13495.0,525.0,13175.0,13515.0,13170.0,21941541.0,3691593.0,489779.0
2012.12.28,12970.0,115.0,12840.0,13025.0,12790.0,13385107.0,2299147.0,-192443.0
2012.12.27,12855.0,155.0,12700.0,12880.0,12650.0,14838114.0,1633968.0,-1047832.0
2012.12.26,12700.0,15.0,12810.0,12935.0,12675.0,11985436.0,2612881.0,-470552.0
2012.12.24,12685.0,65.0,12600.0,12720.0,12600.0,10567510.0,2560245.0,287422.0
2012.12.21,12620.0,-220.0,12945.0,12965.0,12615.0,20940998.0,-818145.0,110675.0
2012.12.20,12840.0,-5.0,12895.0,12985.0,12835.0,13575287.0,575380.0,-350720.0
2012.12.18,12845.0,135.0,12825.0,12860.0,12615.0,13684753.0,363657.0,265849.0
2012.12.17,12710.0,-180.0,12880.0,12925.0,12710.0,14388511.0,-704270.0,-302700.0
2012.12.14,12890.0,35.0,12720.0,12975.0,12700.0,16610240.0,1915479.0,134578.0
2012.12.13,12855.0,290.0,12570.0,12860.0,12565.0,21934317.0,4426981.0,3025231.0
2012.12.12,12565.0,160.0,12520.0,12570.0,12480.0,14774003.0,1849900.0,852800.0
2012.12.11,12405.0,90.0,12350.0,12410.0,12310.0,12204646.0,1619085.0,97390.0
2012.12.10,12315.0,5.0,12375.0,12470.0,12300.0,16489645.0,1301635.0,-6725.0
2012.12.07,12310.0,145.0,12190.0,12355.0,12185.0,24834195.0,7020368.0,1338034.0
2012.12.06,12165.0,55.0,12110.0,12235.0,12090.0,14966417.0,2192446.0,64774.0
2012.12.05,12110.0,170.0,11930.0,12150.0,11905.0,17029117.0,2926670.0,32324.0
2012.12.04,11940.0,-60.0,11915.0,11980.0,11850.0,12052141.0,623809.0,168361.0
2012.12.03,12000.0,25.0,12000.0,12105.0,11960.0,13435794.0,1830726.0,-407456.0
2012.11.30,11975.0,20.0,11910.0,12090.0,11875.0,19646856.0,2303468.0,667909.0
2012.11.29,11955.0,275.0,11775.0,11975.0,11775.0,20941147.0,5861724.0,-217459.0
2012.11.28,11680.0,-175.0,11700.0,11730.0,11620.0,13926162.0,-1911834.0,579153.0
2012.11.27,11855.0,270.0,11710.0,11890.0,11670.0,27053734.0,8956304.0,38820.0
2012.11.26,11585.0,-55.0,11695.0,11710.0,11565.0,16029612.0,-349847.0,-226239.0
2012.11.23,11640.0,165.0,11480.0,11640.0,11445.0,17432014.0,2747982.0,424750.0
2012.11.22,11475.0,240.0,11380.0,11530.0,11365.0,19404453.0,6522099.0,-416930.0
2012.11.21,11235.0,-70.0,11390.0,11425.0,11170.0,22389748.0,467396.0,134562.0
2012.11.20,11305.0,145.0,11385.0,11390.0,11260.0,20193405.0,1265698.0,1073230.0
2012.11.19,11160.0,250.0,11015.0,11240.0,11010.0,21124574.0,4263642.0,-374650.0
2012.11.16,10910.0,-120.0,10950.0,11035.0,10900.0,23001341.0,-2490458.0,-762546.0
2012.11.15,11030.0,-295.0,11050.0,11085.0,10935.0,34913206.0,-8001077.0,232585.0
2012.11.14,11325.0,105.0,11230.0,11325.0,11155.0,22110665.0,2997739.0,-568309.0
2012.11.13,11220.0,-145.0,11400.0,11405.0,11135.0,25496039.0,-5690375.0,1018105.0
2012.11.12,11365.0,-15.0,11320.0,11395.0,11245.0,14953182.0,-658833.0,-8826.0
2012.11.09,11380.0,-140.0,11260.0,11430.0,11075.0,34761747.0,-4442536.0,119338.0
2012.11.08,11520.0,-360.0,11565.0,11645.0,11455.0,27532828.0,-4506024.0,-1173276.0
2012.11.07,11880.0,110.0,11810.0,11880.0,11605.0,29915128.0,-607566.0,728846.0
2012.11.06,11770.0,260.0,11535.0,11775.0,11510.0,16147913.0,1900102.0,-35008.0
2012.11.05,11510.0,-135.0,11490.0,11605.0,11460.0,15876375.0,-2199907.0,-533341.0
2012.11.02,11645.0,300.0,11610.0,11680.0,11570.0,22469972.0,7462874.0,31322.0
2012.11.01,11345.0,-235.0,11435.0,11460.0,11240.0,32521466.0,-6567113.0,118889.0
2012.10.31,11580.0,150.0,11600.0,11675.0,11555.0,14819300.0,1204364.0,265143.0
2012.10.30,11430.0,65.0,11375.0,11650.0,11360.0,22599273.0,2135293.0,-1118767.0
2012.10.29,11365.0,45.0,11405.0,11480.0,11305.0,18002481.0,223171.0,1298583.0
2012.10.26,11320.0,-415.0,11605.0,11680.0,11315.0,35566234.0,-7652754.0,-1173310.0
2012.10.25,11735.0,155.0,11480.0,11735.0,11430.0,20586546.0,-1742261.0,366383.0
2012.10.24,11580.0,-185.0,11565.0,11705.0,11460.0,30317079.0,-4309723.0,-908583.0
2012.10.23,11765.0,-210.0,11985.0,12020.0,11765.0,13839418.0,-1161242.0,-588783.0
2012.10.22,11975.0,-85.0,11605.0,12010.0,11575.0,25155040.0,197738.0,-226221.0
2012.10.19,12060.0,-240.0,12225.0,12275.0,12025.0,16703727.0,-2910975.0,-45993.0
2012.10.18,12300.0,160.0,12235.0,12300.0,12200.0,15993699.0,3530070.0,171728.0
2012.10.17,12140.0,160.0,12120.0,12295.0,12090.0,21520089.0,2961155.0,221591.0
2012.10.16,11980.0,230.0,11950.0,11995.0,11855.0,20452685.0,986346.0,57119.0
2012.10.15,11750.0,-85.0,11730.0,11920.0,11675.0,14791705.0,-1007469.0,-181326.0
2012.10.12,11835.0,-80.0,11935.0,11970.0,11770.0,18034225.0,-1828126.0,-27836.0
2012.10.11,11915.0,-195.0,11900.0,12090.0,11695.0,35293476.0,-6507389.0,-1888939.0
2012.10.10,12110.0,-500.0,12350.0,12350.0,12110.0,29086022.0,-10069426.0,-1541200.0
2012.10.09,12610.0,30.0,12540.0,12755.0,12540.0,12865335.0,2194224.0,-36307.0
2012.10.08,12580.0,-205.0,12760.0,12760.0,12530.0,15018660.0,-3785937.0,-351453.0
2012.10.05,12785.0,15.0,12875.0,12960.0,12770.0,15097595.0,141226.0,317709.0
2012.10.04,12770.0,-40.0,12820.0,12870.0,12600.0,20195107.0,-942039.0,46874.0
2012.10.02,12810.0,10.0,12770.0,12900.0,12765.0,10170624.0,995719.0,-56092.0
2012.09.28,12800.0,-5.0,12890.0,12900.0,12735.0,17249863.0,-2018694.0,478792.0
2012.09.27,12805.0,200.0,12450.0,12830.0,12450.0,16652272.0,1655217.0,-228422.0
2012.09.26,12605.0,-210.0,12585.0,12690.0,12470.0,18320254.0,-1960797.0,-206836.0
2012.09.25,12815.0,-95.0,12785.0,12945.0,12775.0,13746238.0,96467.0,-467476.0
2012.09.24,12910.0,-30.0,12840.0,12950.0,12580.0,28033668.0,-131491.0,447142.0
2012.09.21,12940.0,120.0,12955.0,13020.0,12850.0,21272155.0,1581828.0,726085.0
2012.09.20,12820.0,-230.0,12910.0,13025.0,12800.0,28926189.0,-3137748.0,-386824.0
2012.09.19,13050.0,35.0,12960.0,13170.0,12885.0,27019288.0,-1288097.0,211891.0
2012.09.18,13015.0,35.0,12965.0,13045.0,12890.0,15276488.0,385900.0,516842.0
2012.09.17,12980.0,-135.0,13085.0,13120.0,12955.0,19336692.0,-2767111.0,-431004.0
2012.09.14,13115.0,850.0,12900.0,13170.0,12890.0,36632791.0,10342213.0,-354820.0
2012.09.13,12265.0,-50.0,12280.0,12345.0,12130.0,23163712.0,-846154.0,700368.0
2012.09.12,12315.0,440.0,12020.0,12340.0,12005.0,33698671.0,8029401.0,447966.0
2012.09.11,11875.0,-100.0,11890.0,11955.0,11790.0,15959550.0,-73809.0,572842.0
2012.09.10,11975.0,-55.0,12085.0,12145.0,11975.0,17681090.0,31134.0,344129.0
2012.09.07,12030.0,665.0,11845.0,12040.0,11825.0,32856783.0,8877243.0,1924398.0
2012.09.06,11365.0,95.0,11350.0,11480.0,11250.0,20351647.0,465541.0,145920.0
2012.09.05,11270.0,-455.0,11560.0,11575.0,11270.0,37112473.0,-11096728.0,-790072.0
2012.09.04,11725.0,-70.0,11745.0,11850.0,11695.0,19037309.0,777970.0,-200293.0
2012.09.03,11795.0,70.0,11720.0,11945.0,11430.0,31994029.0,-1359609.0,-1213192.0
2012.08.31,11725.0,-45.0,11630.0,11840.0,11620.0,16764708.0,818472.0,-15187.0
2012.08.30,11770.0,-345.0,12015.0,12050.0,11655.0,32974060.0,-6076675.0,-487924.0
2012.08.29,12115.0,125.0,12005.0,12135.0,11975.0,15631093.0,1043911.0,144596.0
2012.08.28,11990.0,-60.0,12065.0,12135.0,11905.0,20596736.0,-1295347.0,297741.0
2012.08.27,12050.0,-70.0,11980.0,12155.0,11865.0,23610519.0,-297572.0,-548990.0
2012.08.24,12120.0,-340.0,12165.0,12205.0,12070.0,30940619.0,-4646831.0,-1137541.0
2012.08.23,12460.0,130.0,12345.0,12480.0,12220.0,17600572.0,423019.0,-17138.0
2012.08.22,12330.0,-170.0,12445.0,12545.0,12145.0,26546850.0,-957337.0,-389617.0
2012.08.21,12500.0,-45.0,12645.0,12755.0,12485.0,21285494.0,-425429.0,338125.0
2012.08.20,12545.0,-25.0,12570.0,12630.0,12445.0,16356726.0,288184.0,-128886.0
2012.08.17,12570.0,-170.0,12845.0,12855.0,12520.0,26155467.0,-2374783.0,-1210819.0
2012.08.16,12740.0,10.0,12695.0,12795.0,12635.0,20455445.0,-790051.0,-158063.0
2012.08.14,12730.0,305.0,12520.0,12780.0,12510.0,32679493.0,1741227.0,-14546.0
2012.08.13,12425.0,-165.0,12590.0,12615.0,12425.0,18470714.0,383188.0,-303423.0
2012.08.10,12590.0,20.0,12530.0,12665.0,12490.0,19483080.0,89612.0,197652.0
2012.08.09,12570.0,525.0,12095.0,12675.0,12070.0,47472661.0,11448978.0,-489681.0
2012.08.08,12045.0,220.0,11905.0,12295.0,11905.0,37660739.0,8153657.0,550372.0
2012.08.07,11825.0,35.0,11795.0,11885.0,11730.0,18112389.0,1692411.0,-54760.0
2012.08.06,11790.0,510.0,11740.0,11935.0,11730.0,26831697.0,3301045.0,647924.0
2012.08.03,11280.0,-325.0,11280.0,11535.0,11235.0,31110277.0,-1491320.0,-670330.0
2012.08.02,11605.0,-170.0,11795.0,11820.0,11550.0,25152543.0,-1056019.0,202730.0
2012.08.01,11775.0,20.0,11585.0,11870.0,11575.0,29559404.0,4182189.0,-1140678.0
2012.07.31,11755.0,505.0,11255.0,12020.0,11230.0,51876653.0,14320447.0,1724797.0
2012.07.30,11250.0,200.0,11245.0,11310.0,11210.0,26635683.0,5530047.0,1669496.0
2012.07.27,11050.0,615.0,10845.0,11050.0,10755.0,39658473.0,13096611.0,899704.0
2012.07.26,10435.0,140.0,10340.0,10490.0,10235.0,27984558.0,-69336.0,1572308.0
2012.07.25,10295.0,-265.0,10230.0,10490.0,10100.0,37623799.0,-3566192.0,-100917.0
2012.07.24,10560.0,75.0,10415.0,10575.0,10410.0,24864532.0,3195286.0,260451.0
2012.07.23,10485.0,-415.0,10600.0,10620.0,10355.0,43853916.0,-12396287.0,-1014034.0
2012.07.20,10900.0,-30.0,10965.0,11000.0,10850.0,16212207.0,34969.0,381032.0
2012.07.19,10930.0,375.0,10805.0,11035.0,10805.0,32057772.0,9021941.0,696941.0
2012.07.18,10555.0,-340.0,10945.0,10980.0,10480.0,38648253.0,-5742768.0,-1300280.0
2012.07.17,10895.0,85.0,10705.0,11090.0,10615.0,29482343.0,3238187.0,1541341.0
2012.07.16,10810.0,40.0,10850.0,10880.0,10670.0,22891443.0,265371.0,987735.0
2012.07.13,10770.0,230.0,10580.0,10850.0,10355.0,41722089.0,-1870980.0,504231.0
2012.07.12,10540.0,-385.0,10960.0,10970.0,10530.0,38450143.0,-11651255.0,-1187800.0
2012.07.11,10925.0,-55.0,10915.0,10965.0,10805.0,18723529.0,-2629303.0,-23705.0
2012.07.10,10980.0,-75.0,11100.0,11190.0,10910.0,19627427.0,-2222042.0,-1627826.0
2012.07.09,11055.0,-275.0,11100.0,11175.0,11025.0,16982185.0,-2444841.0,-25074.0
2012.07.06,11330.0,-250.0,11620.0,11640.0,11255.0,21775575.0,-428317.0,108852.0
2012.07.05,11580.0,-30.0,11550.0,11640.0,11480.0,11398285.0,-28711.0,30284.0
2012.07.04,11610.0,85.0,11620.0,11710.0,11570.0,17377685.0,3382920.0,-240467.0
2012.07.03,11525.0,200.0,11395.0,11580.0,11390.0,19581722.0,4743796.0,925455.0
2012.07.02,11325.0,-35.0,11500.0,11510.0,11325.0,20285274.0,1013784.0,-413933.0
2012.06.29,11360.0,450.0,10755.0,11360.0,10680.0,33331567.0,3988257.0,1499167.0
2012.06.28,10910.0,10.0,10995.0,11015.0,10735.0,25153014.0,-1400709.0,690859.0
2012.06.27,10900.0,10.0,10890.0,10950.0,10605.0,28617541.0,-6133412.0,-60984.0
2012.06.26,10890.0,-100.0,10865.0,11000.0,10820.0,21428679.0,-2137412.0,-131315.0
2012.06.25,10990.0,-315.0,11300.0,11300.0,10860.0,30237932.0,-8862581.0,-26579.0
2012.06.22,11305.0,-670.0,11650.0,11670.0,11290.0,37631552.0,-12434966.0,-3074270.0
2012.06.21,11975.0,-200.0,12080.0,12155.0,11885.0,17030003.0,-1936104.0,351843.0
2012.06.20,12175.0,145.0,12245.0,12275.0,12115.0,15788020.0,2090350.0,-136072.0
2012.06.19,12030.0,-20.0,11950.0,12085.0,11920.0,13964069.0,-1096986.0,260284.0
2012.06.18,12050.0,445.0,11980.0,12190.0,11975.0,20296027.0,4353287.0,747110.0
2012.06.15,11605.0,-95.0,11725.0,11740.0,11460.0,19805175.0,-1095568.0,-569902.0
2012.06.14,11700.0,45.0,11580.0,11705.0,11580.0,13049916.0,-193285.0,1302236.0
2012.06.13,11655.0,85.0,11710.0,11735.0,11530.0,16556546.0,1185809.0,-314235.0
2012.06.12,11570.0,-185.0,11380.0,11630.0,11380.0,14343793.0,597337.0,-847392.0
2012.06.11,11755.0,415.0,11660.0,11785.0,11660.0,14304291.0,3163028.0,420646.0
2012.06.08,11340.0,-165.0,11535.0,11585.0,11330.0,12398278.0,311344.0,-261018.0
2012.06.07,11505.0,550.0,11400.0,11575.0,11380.0,21208395.0,6332232.0,1916425.0
2012.06.05,10955.0,250.0,10810.0,11000.0,10810.0,20166842.0,1488375.0,-683345.0
2012.06.04,10705.0,-565.0,10670.0,10780.0,10575.0,31040118.0,-4239199.0,-516598.0
2012.06.01,11270.0,-65.0,11220.0,11345.0,11055.0,24268372.0,476075.0,816493.0
2012.05.31,11335.0,-55.0,11040.0,11335.0,10980.0,21078175.0,-687559.0,-179239.0
2012.05.30,11390.0,-115.0,11455.0,11470.0,11195.0,20328086.0,-1342289.0,126785.0
2012.05.29,11505.0,345.0,11110.0,11555.0,11065.0,19445726.0,3231132.0,-208268.0
2012.05.25,11160.0,90.0,11100.0,11280.0,11035.0,18077048.0,74685.0,573238.0
2012.05.24,11070.0,70.0,10970.0,11085.0,10835.0,18685121.0,234030.0,782462.0
2012.05.23,11000.0,-265.0,11115.0,11120.0,10820.0,25458267.0,-1513563.0,501283.0
2012.05.22,11265.0,350.0,11280.0,11280.0,11055.0,18434227.0,-63402.0,56819.0
2012.05.21,10915.0,255.0,10805.0,10955.0,10760.0,19457266.0,1802534.0,-149707.0
2012.05.18,10660.0,-800.0,11020.0,11050.0,10605.0,38425395.0,-8918192.0,-294644.0
2012.05.17,11460.0,0.0,11450.0,11600.0,11320.0,24535910.0,-733963.0,-582921.0
2012.05.16,11460.0,-800.0,12100.0,12105.0,11460.0,34820120.0,-6952109.0,-972071.0
2012.05.15,12260.0,-155.0,12185.0,12320.0,12060.0,17656851.0,-1265173.0,-895426.0
2012.05.14,12415.0,30.0,12370.0,12460.0,12255.0,16630864.0,497155.0,-111554.0
2012.05.11,12385.0,-435.0,12730.0,12745.0,12385.0,19744674.0,-5761446.0,-369445.0
2012.05.10,12820.0,-100.0,12815.0,12890.0,12705.0,14920893.0,-3012585.0,-181560.0
2012.05.09,12920.0,-225.0,13020.0,13060.0,12870.0,12047923.0,-3330362.0,-264568.0
2012.05.08,13145.0,190.0,13080.0,13150.0,13055.0,8540558.0,1479813.0,420113.0
2012.05.07,12955.0,-490.0,13085.0,13130.0,12925.0,17700557.0,-7819037.0,-681996.0
2012.05.04,13445.0,-190.0,13520.0,13550.0,13405.0,8630108.0,-2009292.0,-62954.0
2012.05.03,13635.0,-35.0,13615.0,13660.0,13600.0,5881904.0,-60472.0,424620.0
2012.05.02,13670.0,220.0,13595.0,13700.0,13560.0,12823400.0,3952543.0,112225.0
2012.04.30,13450.0,110.0,13455.0,13560.0,13415.0,11561904.0,1304431.0,932578.0
2012.04.27,13340.0,160.0,13300.0,13450.0,13250.0,18709844.0,4344014.0,968324.0
2012.04.26,13180.0,50.0,13290.0,13330.0,13080.0,14742731.0,703891.0,329808.0
2012.04.25,13130.0,20.0,13290.0,13320.0,13120.0,14461029.0,-172994.0,-210517.0
2012.04.24,13110.0,-135.0,13025.0,13220.0,12970.0,18386389.0,-2511903.0,-389699.0
2012.04.23,13245.0,-25.0,13150.0,13325.0,13110.0,14885538.0,-820726.0,-37846.0
2012.04.20,13270.0,-375.0,13505.0,13510.0,13220.0,21367760.0,-9374770.0,-819517.0
2012.04.19,13645.0,-50.0,13600.0,13745.0,13575.0,10090303.0,-867323.0,4942.0
2012.04.18,13695.0,265.0,13750.0,13815.0,13670.0,14704465.0,3747420.0,28359.0
2012.04.17,13430.0,-90.0,13550.0,13570.0,13370.0,13241189.0,-2192942.0,30963.0
2012.04.16,13520.0,-250.0,13485.0,13580.0,13385.0,16048740.0,-2300895.0,-66081.0
2012.04.13,13770.0,280.0,13720.0,13835.0,13605.0,20155070.0,2903507.0,83688.0
2012.04.12,13490.0,-170.0,13540.0,13550.0,13260.0,21084088.0,-5916312.0,-17404.0
2012.04.10,13660.0,-20.0,13725.0,13875.0,13620.0,15153772.0,-193072.0,-81561.0
2012.04.09,13680.0,-405.0,13815.0,13840.0,13635.0,19124623.0,-6293572.0,-1619087.0
2012.04.06,14085.0,-30.0,14050.0,14150.0,14000.0,10837254.0,1183479.0,148380.0
2012.04.05,14115.0,60.0,13870.0,14130.0,13695.0,22042430.0,-2513757.0,108709.0
2012.04.04,14055.0,-305.0,14280.0,14320.0,14005.0,13011427.0,-3211489.0,-260448.0
2012.04.03,14360.0,375.0,14150.0,14370.0,14105.0,18895978.0,7245640.0,1395459.0
2012.04.02,13985.0,245.0,13840.0,14000.0,13770.0,14319577.0,2943486.0,-22706.0
2012.03.30,13740.0,-75.0,13765.0,13815.0,13660.0,9506375.0,-498864.0,-684903.0
2012.03.29,13815.0,-265.0,13930.0,13985.0,13765.0,15203472.0,-2805979.0,-2492537.0
2012.03.28,14080.0,-100.0,14105.0,14145.0,14040.0,7895025.0,-298403.0,-899442.0
2012.03.27,14180.0,305.0,14150.0,14220.0,14050.0,15540551.0,2239360.0,1914266.0
2012.03.26,13875.0,-45.0,14010.0,14140.0,13800.0,15487274.0,-2200801.0,-103260.0
2012.03.23,13920.0,-55.0,13790.0,13950.0,13735.0,9174680.0,-707031.0,2360.0
2012.03.22,13975.0,40.0,13880.0,13990.0,13800.0,10699531.0,-157223.0,-53435.0
2012.03.21,13935.0,-170.0,13930.0,14080.0,13800.0,13600899.0,-2075330.0,-226789.0
2012.03.20,14105.0,-95.0,14170.0,14310.0,14005.0,12807930.0,-1293637.0,-406605.0
2012.03.19,14200.0,140.0,14090.0,14275.0,14025.0,12254991.0,25091.0,588613.0
2012.03.16,14060.0,-110.0,14315.0,14335.0,14045.0,11278821.0,-2718157.0,-385732.0
2012.03.15,14170.0,0.0,14165.0,14270.0,14110.0,9780396.0,-779626.0,-494329.0
2012.03.14,14170.0,280.0,14215.0,14360.0,14165.0,16985971.0,2899483.0,1170510.0
2012.03.13,13890.0,365.0,13625.0,13980.0,13620.0,16884288.0,6173636.0,648844.0
2012.03.12,13525.0,-180.0,13705.0,13755.0,13505.0,10713767.0,-796725.0,-409035.0
2012.03.09,13705.0,225.0,13650.0,13810.0,13470.0,16529258.0,2352854.0,1424045.0
2012.03.08,13480.0,280.0,13290.0,13495.0,13135.0,15975596.0,156233.0,940534.0
2012.03.07,13200.0,-225.0,13000.0,13250.0,12970.0,14340592.0,-1774907.0,-344840.0
2012.03.06,13425.0,-210.0,13630.0,13750.0,13275.0,16211214.0,-2897489.0,-816752.0
2012.03.05,13635.0,-270.0,13855.0,13860.0,13580.0,11069745.0,-3536531.0,-690847.0
2012.03.02,13905.0,50.0,13995.0,14095.0,13900.0,9932874.0,775689.0,-71612.0
2012.02.29,13855.0,275.0,13700.0,13935.0,13690.0,14093091.0,3639467.0,1410415.0
2012.02.28,13580.0,245.0,13400.0,13590.0,13385.0,14242250.0,4750180.0,367230.0
2012.02.27,13335.0,-390.0,13650.0,13680.0,13295.0,18525883.0,-4863253.0,-1802748.0
2012.02.24,13725.0,125.0,13650.0,13760.0,13455.0,14785115.0,2007268.0,111528.0
2012.02.23,13600.0,-270.0,13710.0,13720.0,13500.0,14330581.0,-2883189.0,-549116.0
2012.02.22,13870.0,5.0,13800.0,13890.0,13680.0,11882894.0,815875.0,112616.0
2012.02.21,13865.0,-10.0,13875.0,13945.0,13600.0,18009705.0,-2909577.0,-141180.0
2012.02.20,13875.0,65.0,14080.0,14150.0,13860.0,13936255.0,-1955844.0,-569027.0
2012.02.17,13810.0,395.0,13725.0,13905.0,13725.0,17663703.0,5806752.0,877646.0
2012.02.16,13415.0,-390.0,13565.0,13600.0,13410.0,21484374.0,-5929959.0,-319243.0
2012.02.15,13805.0,365.0,13475.0,13845.0,13475.0,18220994.0,4243305.0,149559.0
2012.02.14,13440.0,-80.0,13470.0,13515.0,13345.0,15633091.0,-2146824.0,219744.0
2012.02.13,13520.0,180.0,13380.0,13615.0,13345.0,18354702.0,2634630.0,905547.0
2012.02.10,13340.0,-290.0,13550.0,13615.0,13250.0,17054805.0,-1790724.0,-1118685.0
2012.02.09,13630.0,75.0,13555.0,13630.0,13175.0,25436487.0,-2812000.0,-906314.0
2012.02.08,13555.0,320.0,13285.0,13555.0,13250.0,14446834.0,4101255.0,-388388.0
2012.02.07,13235.0,55.0,13200.0,13340.0,13160.0,13108121.0,2084549.0,-113739.0
2012.02.06,13180.0,40.0,13450.0,13475.0,13090.0,16721555.0,-155981.0,-172078.0
2012.02.03,13140.0,-170.0,13300.0,13315.0,13050.0,14192476.0,-2443624.0,-162654.0
2012.02.02,13310.0,330.0,13300.0,13465.0,13255.0,17171929.0,1135790.0,-37299.0
2012.02.01,12980.0,35.0,12900.0,13170.0,12780.0,19027192.0,-87212.0,-275743.0
2012.01.31,12945.0,120.0,12855.0,13095.0,12740.0,15754739.0,-1140124.0,-44846.0
2012.01.30,12825.0,-295.0,12995.0,13075.0,12775.0,13455318.0,-557772.0,-321294.0
2012.01.27,13120.0,35.0,13080.0,13220.0,12995.0,12393579.0,559448.0,155237.0
2012.01.26,13085.0,35.0,13205.0,13210.0,13005.0,11831652.0,392528.0,1044872.0
2012.01.25,13050.0,105.0,12970.0,13355.0,12940.0,19519307.0,-494435.0,438429.0
2012.01.20,12945.0,500.0,12525.0,13030.0,12460.0,19805830.0,5071332.0,1140179.0
2012.01.19,12445.0,390.0,12300.0,12460.0,12260.0,20705143.0,4432039.0,1836915.0
2012.01.18,12055.0,-30.0,12080.0,12175.0,11975.0,17741816.0,-196429.0,714272.0
2012.01.17,12085.0,460.0,11850.0,12095.0,11840.0,24156256.0,5475824.0,1553185.0
2012.01.16,11625.0,-230.0,11710.0,11715.0,11405.0,21607712.0,-3836773.0,-193556.0
2012.01.13,11855.0,230.0,11650.0,11940.0,11610.0,20415923.0,3399296.0,810473.0
2012.01.12,11625.0,200.0,11465.0,11650.0,11325.0,20163511.0,2748745.0,567916.0
2012.01.11,11425.0,-120.0,11630.0,11635.0,11380.0,17656515.0,-1492277.0,146341.0
2012.01.10,11545.0,400.0,11250.0,11620.0,11250.0,24370453.0,6327479.0,2161796.0
2012.01.09,11145.0,-260.0,11280.0,11300.0,10965.0,25560304.0,-6282370.0,-1000479.0
2012.01.06,11405.0,-350.0,11750.0,11780.0,11135.0,30619932.0,-6790296.0,-778363.0
2012.01.05,11755.0,-25.0,11850.0,11915.0,11705.0,14313069.0,783311.0,-152800.0
2012.01.04,11780.0,-135.0,11985.0,12020.0,11780.0,17397515.0,2126462.0,-91137.0
2012.01.03,11915.0,695.0,11420.0,11930.0,11420.0,24018937.0,9454595.0,1671170.0
2012.01.02,11220.0,50.0,11240.0,11335.0,11045.0,14886543.0,-538663.0,-79440.0
2011.12.29,11170.0,-10.0,11000.0,11270.0,10975.0,15372875.0,817059.0,144631.0
2011.12.28,11180.0,20.0,11155.0,11290.0,11120.0,15010114.0,1617472.0,-1528118.0
2011.12.27,11160.0,-240.0,11380.0,11520.0,10690.0,27170113.0,3455290.0,171600.0
2011.12.26,11400.0,-150.0,11650.0,11655.0,11350.0,15836899.0,-733875.0,-421476.0
2011.12.23,11550.0,280.0,11435.0,11645.0,11430.0,17826629.0,5818899.0,585603.0
2011.12.22,11270.0,5.0,11180.0,11270.0,11125.0,14056563.0,1263871.0,-398886.0
2011.12.21,11265.0,660.0,11120.0,11335.0,11055.0,28067045.0,8376738.0,1141564.0
2011.12.20,10605.0,170.0,10510.0,10665.0,10435.0,20646614.0,1437838.0,1151879.0
2011.12.19,10435.0,-715.0,11025.0,11030.0,10000.0,56481697.0,-10921946.0,-2443537.0
2011.12.16,11150.0,250.0,11005.0,11150.0,10945.0,19216303.0,220925.0,104562.0
2011.12.15,10900.0,-565.0,11140.0,11200.0,10835.0,32151342.0,-8764664.0,-2994295.0
2011.12.14,11465.0,-80.0,11440.0,11540.0,11310.0,18506932.0,-1332804.0,-569574.0
2011.12.13,11545.0,-465.0,11710.0,11750.0,11500.0,26721774.0,-5954916.0,-1545209.0
2011.12.12,12010.0,345.0,12060.0,12075.0,11885.0,21853583.0,1328971.0,1681280.0
2011.12.09,11665.0,-615.0,11900.0,11955.0,11630.0,40278561.0,-9137521.0,-889210.0
2011.12.08,12280.0,-80.0,12300.0,12425.0,12055.0,24673902.0,594023.0,136421.0
2011.12.07,12360.0,190.0,12290.0,12435.0,12215.0,17732901.0,1171100.0,601314.0
2011.12.06,12170.0,-260.0,12340.0,12410.0,12040.0,19535504.0,-2445332.0,-314290.0
2011.12.05,12430.0,90.0,12475.0,12525.0,12285.0,17821234.0,396722.0,-95473.0
2011.12.02,12340.0,-20.0,12300.0,12420.0,12205.0,19596447.0,-125141.0,-344559.0
2011.12.01,12360.0,970.0,12200.0,12485.0,12195.0,35425814.0,11522194.0,1316197.0
2011.11.30,11390.0,-120.0,11370.0,11505.0,11280.0,22482639.0,2430374.0,-164226.0
2011.11.29,11510.0,535.0,11100.0,11530.0,11060.0,35104456.0,8637259.0,2904479.0
2011.11.28,10975.0,555.0,10700.0,10975.0,10700.0,29090364.0,4117111.0,1010308.0
2011.11.25,10420.0,-215.0,10500.0,10570.0,10300.0,24460289.0,-1140280.0,-1246475.0
2011.11.24,10635.0,105.0,10420.0,10720.0,10370.0,23177012.0,468994.0,1169545.0
2011.11.23,10530.0,-540.0,11000.0,11010.0,10485.0,32618125.0,-7867556.0,-1244846.0
2011.11.22,11070.0,105.0,10680.0,11110.0,10640.0,25400214.0,1115893.0,-720600.0
2011.11.21,10965.0,-245.0,11135.0,11135.0,10810.0,24935848.0,-3699888.0,263786.0
2011.11.18,11210.0,-550.0,11290.0,11370.0,11090.0,39051807.0,-9359455.0,-893239.0
2011.11.17,11760.0,295.0,11555.0,11770.0,11165.0,34684243.0,-383225.0,-875257.0
2011.11.16,11465.0,-425.0,11995.0,12235.0,11395.0,34668060.0,-1435074.0,-1743143.0
2011.11.15,11890.0,-185.0,11925.0,12050.0,11785.0,18985897.0,453706.0,-20158.0
2011.11.14,12075.0,500.0,11860.0,12175.0,11855.0,22286608.0,6470186.0,846334.0
2011.11.11,11575.0,425.0,11405.0,11605.0,11070.0,33132869.0,2100184.0,396169.0
2011.11.10,11150.0,-1150.0,11715.0,11720.0,11150.0,41058491.0,-11325031.0,-3788490.0
2011.11.09,12300.0,130.0,12410.0,12520.0,12180.0,21318943.0,843173.0,218619.0
2011.11.08,12170.0,-215.0,12455.0,12515.0,12165.0,21118658.0,-748164.0,-288589.0
2011.11.07,12385.0,-190.0,12555.0,12590.0,12355.0,19021776.0,-1436531.0,-410439.0
2011.11.04,12575.0,815.0,12220.0,12585.0,12215.0,23380866.0,5589460.0,1760015.0
2011.11.03,11760.0,-420.0,12225.0,12225.0,11670.0,33508041.0,-3197922.0,-2353210.0
2011.11.02,12180.0,-195.0,11815.0,12180.0,11725.0,24503999.0,-606408.0,-754964.0
2011.11.01,12375.0,-5.0,12095.0,12585.0,12095.0,23274455.0,3057123.0,-165572.0
2011.10.31,12380.0,-255.0,12595.0,12825.0,12280.0,24834109.0,-302983.0,-609879.0
2011.10.28,12635.0,105.0,12980.0,13070.0,12560.0,30755455.0,-431606.0,322451.0
2011.10.27,12530.0,405.0,12280.0,12530.0,12090.0,32797851.0,1373410.0,566861.0
2011.10.26,12125.0,60.0,11805.0,12155.0,11790.0,21628567.0,306372.0,-442376.0
2011.10.25,12065.0,-105.0,12200.0,12260.0,12025.0,21485698.0,-11352.0,-889778.0
2011.10.24,12170.0,805.0,11630.0,12180.0,11600.0,26854746.0,5357257.0,985715.0
2011.10.21,11365.0,350.0,11290.0,11445.0,11030.0,28651380.0,1284828.0,104128.0
2011.10.20,11015.0,-595.0,11555.0,11810.0,11000.0,28922950.0,-1736564.0,-1551447.0
2011.10.19,11610.0,260.0,11530.0,11610.0,11315.0,23051540.0,1480777.0,192260.0
2011.10.18,11350.0,-380.0,11220.0,11490.0,11220.0,19657132.0,94647.0,-515553.0
2011.10.17,11730.0,350.0,11610.0,11755.0,11540.0,20793345.0,1009707.0,244296.0
2011.10.14,11380.0,95.0,11165.0,11450.0,11045.0,25391565.0,1055156.0,240745.0
2011.10.13,11285.0,160.0,11325.0,11465.0,11275.0,22822657.0,3286364.0,136860.0
2011.10.12,11125.0,175.0,10870.0,11135.0,10755.0,23610591.0,3500202.0,-706040.0
2011.10.11,10950.0,355.0,11100.0,11110.0,10935.0,29260287.0,5835531.0,1705457.0
2011.10.10,10595.0,60.0,10535.0,10830.0,10520.0,31730322.0,1561163.0,-2521154.0
2011.10.07,10535.0,550.0,10470.0,10650.0,10445.0,38027157.0,7705031.0,1699711.0
2011.10.06,9985.0,505.0,9950.0,10290.0,9930.0,44303325.0,7876441.0,2325501.0
2011.10.05,9480.0,-320.0,9860.0,9900.0,9390.0,54481025.0,-8332194.0,2029169.0
2011.10.04,9800.0,-695.0,9500.0,9800.0,9315.0,56055767.0,-8267218.0,-2160152.0
2011.09.30,10495.0,-55.0,10460.0,10690.0,10220.0,46980791.0,1780973.0,173906.0
2011.09.29,10550.0,555.0,9820.0,10560.0,9800.0,46524518.0,3667969.0,537425.0
2011.09.28,9995.0,-215.0,10325.0,10470.0,9995.0,45929458.0,1210841.0,-80766.0
2011.09.27,10210.0,950.0,9800.0,10210.0,9685.0,42055058.0,5251148.0,2381157.0
2011.09.26,9260.0,-445.0,9900.0,9960.0,9150.0,56226298.0,-2544552.0,1481920.0
2011.09.23,9705.0,-1145.0,10060.0,10230.0,9690.0,69042467.0,-20150237.0,-1308946.0
2011.09.22,10850.0,-790.0,11070.0,11160.0,10690.0,46838103.0,-6715108.0,-2180246.0
2011.09.21,11640.0,180.0,11495.0,11880.0,11350.0,34501269.0,839742.0,187785.0
2011.09.20,11460.0,260.0,11100.0,11520.0,10885.0,38362553.0,233714.0,92822.0
2011.09.19,11200.0,-275.0,11220.0,11410.0,11050.0,28090800.0,-79691.0,-618614.0
2011.09.16,11475.0,865.0,11080.0,11545.0,11035.0,33210524.0,7042598.0,2388867.0
2011.09.15,10610.0,310.0,10760.0,10995.0,10255.0,42565508.0,-1665926.0,1079674.0
2011.09.14,10300.0,-720.0,10900.0,10995.0,10230.0,34698038.0,-7453039.0,-696515.0
2011.09.09,11020.0,-410.0,11165.0,11520.0,11015.0,25731599.0,1000960.0,-2738344.0
2011.09.08,11430.0,45.0,11605.0,11655.0,11310.0,31577113.0,3201316.0,-367463.0
2011.09.07,11385.0,895.0,10900.0,11385.0,10875.0,27238086.0,2793845.0,2308993.0
2011.09.06,10490.0,-255.0,10370.0,10735.0,10205.0,32865760.0,-5411551.0,55819.0
2011.09.05,10745.0,-950.0,11300.0,11335.0,10700.0,27018792.0,-6351161.0,-2877040.0
2011.09.02,11695.0,-255.0,11830.0,12100.0,11550.0,22511160.0,-351323.0,-630664.0
2011.09.01,11950.0,10.0,11990.0,12610.0,11900.0,32111053.0,4853834.0,-871769.0
2011.08.31,11940.0,435.0,11545.0,11940.0,11430.0,17243817.0,2899279.0,1094406.0
2011.08.30,11505.0,200.0,11500.0,11735.0,11440.0,22852623.0,1800572.0,-114229.0
2011.08.29,11305.0,605.0,10995.0,11440.0,10780.0,25915210.0,4927650.0,-148509.0
2011.08.26,10700.0,210.0,10365.0,10720.0,10345.0,20451458.0,1052940.0,712193.0
2011.08.25,10490.0,130.0,10750.0,10960.0,10485.0,31372279.0,1229178.0,353175.0
2011.08.24,10360.0,-295.0,10825.0,10900.0,10185.0,38061952.0,101383.0,-1739426.0
2011.08.23,10655.0,725.0,10105.0,10725.0,10000.0,32344239.0,3009987.0,1597011.0
2011.08.22,9930.0,-300.0,10255.0,10460.0,9770.0,33023267.0,-1467698.0,-93641.0
2011.08.19,10230.0,-1405.0,10860.0,10930.0,10230.0,57892126.0,-10327685.0,23275.0
2011.08.18,11635.0,-540.0,12160.0,12200.0,11380.0,44488930.0,-2690694.0,-2463456.0
2011.08.17,12175.0,135.0,11865.0,12415.0,11865.0,27306271.0,3024651.0,195425.0
2011.08.16,12040.0,1095.0,11460.0,12075.0,11460.0,33486763.0,6648865.0,1463545.0
2011.08.12,10945.0,-330.0,11570.0,11640.0,10925.0,47119663.0,-382741.0,-298164.0
2011.08.11,11275.0,55.0,10400.0,11615.0,10370.0,67897575.0,1319110.0,193070.0
2011.08.10,11220.0,-180.0,12250.0,12250.0,11200.0,59295364.0,-1295697.0,-123533.0
2011.08.09,11400.0,-820.0,11525.0,11735.0,10000.0,83226878.0,-12752497.0,-679531.0
2011.08.08,12220.0,-980.0,12995.0,13175.0,11160.0,45436832.0,-7283530.0,-399595.0
2011.08.05,13200.0,-1040.0,13005.0,13585.0,13000.0,27797693.0,-4202740.0,493907.0
2011.08.04,14240.0,-700.0,15070.0,15075.0,14165.0,20287594.0,-3236200.0,109083.0
2011.08.03,14940.0,-915.0,15280.0,15320.0,14860.0,19743152.0,-5665363.0,-251073.0
2011.08.02,15855.0,-825.0,16370.0,16420.0,15810.0,17625301.0,-4286953.0,-2393627.0
2011.08.01,16680.0,605.0,16335.0,16765.0,16335.0,9080309.0,611122.0,2367756.0
2011.07.29,16075.0,-340.0,16420.0,16495.0,16075.0,11543394.0,-836627.0,-804880.0
2011.07.28,16415.0,-360.0,16300.0,16530.0,16105.0,10692651.0,476387.0,-326414.0
2011.07.27,16775.0,95.0,16525.0,16810.0,16420.0,6488803.0,427175.0,100736.0
2011.07.26,16680.0,270.0,16460.0,16680.0,16400.0,7446200.0,200361.0,682197.0
2011.07.25,16410.0,-340.0,16545.0,16545.0,16330.0,9323708.0,-34603.0,-1092209.0
2011.07.22,16750.0,380.0,16680.0,16795.0,16550.0,8515846.0,-583298.0,1287088.0
2011.07.21,16370.0,-160.0,16485.0,16550.0,16275.0,8625640.0,-1077220.0,-287483.0
2011.07.20,16530.0,485.0,16450.0,16600.0,16450.0,8803083.0,144938.0,728146.0
2011.07.19,16045.0,20.0,15885.0,16200.0,15885.0,7902024.0,-74400.0,392326.0
2011.07.18,16025.0,-360.0,16435.0,16435.0,15935.0,10802592.0,-957518.0,-974412.0
2011.07.15,16385.0,225.0,16040.0,16385.0,16030.0,8565428.0,33872.0,232111.0
2011.07.14,16160.0,-85.0,16130.0,16160.0,15830.0,12953726.0,-2401046.0,50066.0
2011.07.13,16245.0,210.0,16120.0,16280.0,16000.0,8544073.0,-179181.0,-44474.0
2011.07.12,16035.0,-760.0,16395.0,16475.0,16035.0,14396408.0,-1993069.0,-1563787.0
2011.07.11,16795.0,-410.0,17045.0,17060.0,16755.0,6819246.0,417475.0,-161468.0
2011.07.08,17205.0,-35.0,17375.0,17385.0,17160.0,7315324.0,767641.0,-346257.0
2011.07.07,17240.0,140.0,17025.0,17335.0,17010.0,6614208.0,282066.0,137479.0
2011.07.06,17100.0,100.0,16900.0,17100.0,16890.0,4351206.0,413098.0,320284.0
2011.07.05,17000.0,280.0,16750.0,17000.0,16730.0,6629899.0,1405573.0,132221.0
2011.07.04,16720.0,395.0,16615.0,16825.0,16605.0,6232569.0,1194887.0,-226136.0
2011.07.01,16325.0,410.0,16260.0,16450.0,16190.0,6670048.0,1109420.0,-49364.0
2011.06.30,15915.0,30.0,16040.0,16040.0,15815.0,9794526.0,-335730.0,506020.0
2011.06.29,15885.0,505.0,15860.0,15945.0,15705.0,11367701.0,557965.0,913824.0
2011.06.28,15380.0,-60.0,15745.0,15930.0,15380.0,11766906.0,296607.0,116661.0
2011.06.27,15440.0,-380.0,15590.0,15620.0,15285.0,12951871.0,647110.0,-2705639.0
2011.06.24,15820.0,565.0,15300.0,15830.0,15300.0,8553018.0,-230484.0,1580599.0
2011.06.23,15255.0,-200.0,15350.0,15435.0,15190.0,9038659.0,389760.0,-984360.0
2011.06.22,15455.0,255.0,15500.0,15630.0,15380.0,8756404.0,569308.0,116037.0
2011.06.21,15200.0,460.0,14940.0,15270.0,14750.0,12464401.0,-205050.0,1282485.0
2011.06.20,14740.0,-210.0,15005.0,15140.0,14740.0,10174404.0,-466987.0,-336345.0
2011.06.17,14950.0,-260.0,15360.0,15410.0,14645.0,13959585.0,-2510049.0,341761.0
2011.06.16,15210.0,-690.0,15480.0,15640.0,15175.0,12592418.0,-743729.0,-781665.0
2011.06.15,15900.0,100.0,15935.0,15995.0,15540.0,8908125.0,277132.0,-217221.0
2011.06.14,15800.0,455.0,15285.0,15910.0,15220.0,9153251.0,104151.0,432443.0
2011.06.13,15345.0,70.0,15045.0,15445.0,15025.0,6915566.0,-850292.0,1223370.0
2011.06.10,15275.0,-445.0,15925.0,15950.0,15225.0,8994350.0,-1583094.0,-325490.0
2011.06.09,15720.0,-165.0,15770.0,15900.0,15600.0,6100067.0,-1113389.0,-164432.0
2011.06.08,15885.0,-365.0,16295.0,16330.0,15710.0,9513981.0,-1364758.0,-1438709.0
2011.06.07,16250.0,-170.0,16200.0,16295.0,16045.0,4118580.0,-134838.0,-347148.0
2011.06.03,16420.0,25.0,16505.0,16665.0,16370.0,6181717.0,507545.0,-20749.0
2011.06.02,16395.0,-515.0,16400.0,16645.0,16160.0,9236304.0,-751329.0,-342327.0
2011.06.01,16910.0,-5.0,17000.0,17045.0,16725.0,8051051.0,99010.0,-291044.0
2011.05.31,16915.0,825.0,16190.0,17055.0,16180.0,9425587.0,1007835.0,1573896.0
2011.05.30,16090.0,-110.0,16395.0,16500.0,15985.0,6984127.0,-56742.0,5205.0
2011.05.27,16200.0,65.0,16015.0,16445.0,15990.0,9582279.0,-118956.0,-233188.0
2011.05.26,16135.0,890.0,15520.0,16175.0,15515.0,6731729.0,-188106.0,650149.0
2011.05.25,15245.0,-350.0,15710.0,15915.0,15165.0,8074185.0,-304510.0,-248736.0
2011.05.24,15595.0,10.0,15540.0,15730.0,15500.0,6562596.0,-590691.0,943803.0
2011.05.23,15585.0,-800.0,16200.0,16245.0,15580.0,8482534.0,-2261750.0,-718861.0
2011.05.20,16385.0,255.0,16220.0,16410.0,16040.0,6027611.0,-210209.0,341546.0
2011.05.19,16130.0,-665.0,16820.0,16865.0,16100.0,7885135.0,-1260146.0,-212438.0
2011.05.18,16795.0,565.0,16350.0,16810.0,16300.0,4524832.0,-69080.0,57492.0
2011.05.17,16230.0,-10.0,16100.0,16340.0,16100.0,4458051.0,-311358.0,-115988.0
2011.05.16,16240.0,-280.0,16330.0,16400.0,16180.0,4045218.0,-690992.0,22675.0
2011.05.13,16520.0,-130.0,16830.0,16830.0,16325.0,7249649.0,-1477202.0,889566.0
2011.05.12,16650.0,-625.0,16990.0,17080.0,16650.0,7475082.0,-990007.0,-1049401.0
2011.05.11,17275.0,385.0,17140.0,17295.0,16995.0,5719633.0,190598.0,302609.0
2011.05.09,16890.0,-205.0,17195.0,17290.0,16865.0,6444811.0,435389.0,-876968.0
2011.05.06,17095.0,-575.0,17310.0,17350.0,16975.0,7293371.0,-1248185.0,-113903.0
2011.05.04,17670.0,-385.0,18055.0,18075.0,17660.0,6843952.0,-788295.0,-145892.0
2011.05.03,18055.0,-520.0,18515.0,18550.0,17975.0,7462142.0,-1163497.0,-245975.0
2011.05.02,18575.0,685.0,17990.0,18590.0,17990.0,6064628.0,642561.0,998080.0
2011.04.29,17890.0,-215.0,18155.0,18285.0,17755.0,6687460.0,-123121.0,-396692.0
2011.04.28,18105.0,-35.0,18290.0,18425.0,17940.0,5768259.0,229814.0,-170509.0
2011.04.27,18140.0,45.0,18335.0,18590.0,18015.0,6734432.0,-706360.0,274910.0
2011.04.26,18095.0,-125.0,18200.0,18290.0,18000.0,4931821.0,-106023.0,-214237.0
2011.04.25,18220.0,175.0,18075.0,18300.0,18030.0,4119146.0,258776.0,-332503.0
2011.04.22,18045.0,-55.0,18070.0,18150.0,17990.0,4380245.0,-142461.0,236488.0
2011.04.21,18100.0,615.0,17800.0,18355.0,17785.0,6640420.0,15624.0,-173718.0
2011.04.20,17485.0,800.0,16910.0,17495.0,16910.0,5744443.0,1261051.0,696157.0
2011.04.19,16685.0,-240.0,16640.0,16885.0,16540.0,7756747.0,-27483.0,186746.0
2011.04.18,16925.0,-85.0,17090.0,17105.0,16790.0,6626493.0,-209239.0,-222171.0
2011.04.15,17010.0,10.0,16955.0,17065.0,16790.0,5132355.0,-55852.0,-144764.0
2011.04.14,17000.0,270.0,16715.0,17030.0,16500.0,7849125.0,70106.0,63376.0
2011.04.13,16730.0,495.0,16210.0,16730.0,16080.0,5175121.0,321382.0,48537.0
2011.04.12,16235.0,-520.0,16685.0,16685.0,16220.0,6520589.0,-306895.0,-570012.0
2011.04.11,16755.0,-80.0,16820.0,16940.0,16660.0,4703051.0,-201683.0,283994.0
2011.04.08,16835.0,40.0,16740.0,17040.0,16720.0,6975658.0,-212008.0,410101.0
2011.04.07,16795.0,-95.0,16970.0,17035.0,16675.0,6577171.0,346465.0,425029.0
2011.04.06,16890.0,-100.0,16975.0,17115.0,16805.0,5500255.0,-433644.0,-189048.0
2011.04.05,16990.0,220.0,16770.0,17005.0,16670.0,4561057.0,385840.0,165822.0
2011.04.04,16770.0,-40.0,16925.0,16930.0,16640.0,4723751.0,25152.0,144091.0
2011.04.01,16810.0,230.0,16580.0,16835.0,16570.0,3686734.0,254504.0,70900.0
2011.03.31,16580.0,160.0,16555.0,16580.0,16430.0,3908361.0,522625.0,35181.0
2011.03.30,16420.0,370.0,16100.0,16570.0,16080.0,4235851.0,638403.0,-60505.0
2011.03.29,16050.0,235.0,15750.0,16050.0,15745.0,4190026.0,782237.0,166168.0
2011.03.28,15815.0,25.0,15815.0,15850.0,15720.0,3048028.0,165179.0,-33756.0
2011.03.25,15790.0,335.0,15700.0,15815.0,15630.0,4206090.0,357757.0,214721.0
2011.03.24,15455.0,410.0,15140.0,15460.0,15130.0,4530724.0,1145968.0,-109912.0
2011.03.23,15045.0,-20.0,15080.0,15220.0,14950.0,4393276.0,729997.0,-238163.0
2011.03.22,15065.0,135.0,15075.0,15100.0,14955.0,4897161.0,696112.0,27728.0
2011.03.21,14930.0,235.0,14740.0,14955.0,14705.0,5439207.0,574836.0,153097.0
2011.03.18,14695.0,265.0,14560.0,14825.0,14380.0,7836089.0,826883.0,206201.0
2011.03.17,14430.0,70.0,13945.0,14480.0,13850.0,8091279.0,312276.0,-409474.0
2011.03.16,14360.0,460.0,14145.0,14465.0,14005.0,9073657.0,1345320.0,764377.0
2011.03.15,13900.0,-630.0,14470.0,14745.0,13550.0,16822123.0,-2785760.0,-573630.0
2011.03.14,14530.0,380.0,14160.0,14530.0,13935.0,6756359.0,503493.0,263287.0
2011.03.11,14150.0,-435.0,14285.0,14405.0,14090.0,7473081.0,-1669714.0,259683.0
2011.03.10,14585.0,-270.0,14850.0,14905.0,14465.0,5723968.0,-1554225.0,-97012.0
2011.03.09,14855.0,0.0,15040.0,15185.0,14800.0,5434903.0,-450321.0,49117.0
2011.03.08,14855.0,255.0,14575.0,15045.0,14550.0,4229459.0,620032.0,25170.0
2011.03.07,14600.0,-490.0,14990.0,15050.0,14600.0,4639122.0,-784276.0,-149400.0
2011.03.04,15090.0,585.0,14720.0,15155.0,14705.0,4595254.0,1356563.0,85369.0
2011.03.03,14505.0,565.0,14050.0,14505.0,14040.0,3606165.0,889712.0,-68722.0
2011.03.02,13940.0,-210.0,14000.0,14120.0,13870.0,5106653.0,-917624.0,244110.0
2011.02.28,14150.0,-275.0,14350.0,14360.0,14120.0,5389183.0,-452599.0,-154525.0
2011.02.25,14425.0,150.0,14310.0,14435.0,14205.0,3841179.0,-28633.0,-14485.0
2011.02.24,14275.0,-205.0,14435.0,14580.0,14260.0,5231525.0,-466731.0,12578.0
2011.02.23,14480.0,5.0,14380.0,14650.0,14335.0,4190548.0,-319465.0,61184.0
2011.02.22,14475.0,-490.0,14730.0,14755.0,14400.0,6374710.0,-1475748.0,-89139.0
2011.02.21,14965.0,-180.0,15170.0,15175.0,14785.0,4089031.0,-512551.0,-151976.0
2011.02.18,15145.0,505.0,14770.0,15170.0,14730.0,4195365.0,685842.0,29904.0
2011.02.17,14640.0,-235.0,14950.0,15100.0,14460.0,6161745.0,-1800941.0,335586.0
2011.02.16,14875.0,-245.0,15050.0,15320.0,14860.0,3404031.0,-274545.0,-120343.0
2011.02.15,15120.0,-30.0,15185.0,15435.0,14985.0,4139816.0,146513.0,-87481.0
2011.02.14,15150.0,455.0,14905.0,15220.0,14770.0,4025137.0,404031.0,196482.0
2011.02.11,14695.0,-485.0,15180.0,15330.0,14640.0,6058439.0,-1463255.0,-16695.0
2011.02.10,15180.0,-460.0,15610.0,15615.0,15135.0,5245033.0,-1733890.0,-54453.0
2011.02.09,15640.0,-390.0,16095.0,16110.0,15600.0,3980138.0,-917133.0,11117.0
2011.02.08,16030.0,-215.0,16370.0,16380.0,16000.0,3002822.0,-700559.0,59425.0
2011.02.07,16245.0,95.0,16470.0,16665.0,16245.0,3048721.0,267910.0,4618.0
2011.02.01,16150.0,0.0,16300.0,16315.0,16100.0,1749121.0,-260984.0,-14984.0
2011.01.31,16150.0,-500.0,16320.0,16430.0,16110.0,4035147.0,-741251.0,-338008.0
2011.01.28,16650.0,-95.0,16710.0,16795.0,16500.0,3285737.0,-464123.0,108061.0
2011.01.27,16745.0,45.0,16740.0,16820.0,16665.0,2231456.0,298310.0,-168155.0
2011.01.26,16700.0,375.0,16380.0,16720.0,16365.0,2280289.0,619781.0,221195.0
2011.01.25,16325.0,155.0,16320.0,16550.0,16275.0,3304402.0,942682.0,-81422.0
2011.01.24,16170.0,140.0,15965.0,16205.0,15950.0,3465434.0,434721.0,194940.0
2011.01.21,16030.0,-590.0,16545.0,16595.0,16015.0,5432348.0,-1535322.0,-301503.0
2011.01.20,16620.0,-170.0,16700.0,16730.0,16570.0,2880572.0,-487596.0,-207905.0
2011.01.19,16790.0,305.0,16620.0,16815.0,16325.0,3597138.0,768189.0,257123.0
2011.01.18,16485.0,-75.0,16510.0,16745.0,16450.0,2586934.0,178295.0,-152854.0
2011.01.17,16560.0,-95.0,16720.0,16810.0,16560.0,2421093.0,-10791.0,-124784.0
2011.01.14,16655.0,145.0,16510.0,16680.0,16250.0,3755345.0,-55181.0,72839.0
2011.01.13,16510.0,75.0,16525.0,16690.0,16290.0,4169109.0,-501487.0,-91710.0
2011.01.12,16435.0,110.0,16355.0,16470.0,16305.0,1880001.0,233469.0,52793.0
2011.01.11,16325.0,85.0,16250.0,16345.0,15935.0,2880571.0,-4991.0,-92662.0
2011.01.10,16240.0,-200.0,16380.0,16405.0,16095.0,2766120.0,-208872.0,-60167.0
2011.01.07,16440.0,145.0,16225.0,16450.0,16190.0,2247093.0,203686.0,191964.0
2011.01.06,16295.0,-130.0,16500.0,16570.0,16185.0,2841958.0,-628195.0,-60721.0
2011.01.05,16425.0,20.0,16390.0,16430.0,16335.0,1646904.0,-24612.0,-11655.0
2011.01.04,16405.0,215.0,16300.0,16405.0,16200.0,1998798.0,-13018.0,-19780.0
2011.01.03,16190.0,225.0,16090.0,16210.0,16055.0,1757767.0,-381977.0,-44356.0
2010.12.30,15965.0,150.0,15890.0,15995.0,15845.0,1955026.0,-211026.0,17431.0
2010.12.29,15815.0,295.0,15600.0,15815.0,15535.0,2003760.0,-364823.0,153631.0
2010.12.28,15520.0,230.0,15310.0,15595.0,15310.0,2507616.0,308968.0,406048.0
2010.12.27,15290.0,-70.0,15280.0,15450.0,15230.0,2037862.0,-56808.0,52534.0
2010.12.24,15360.0,-90.0,15450.0,15530.0,15360.0,1531166.0,-1311.0,30412.0
2010.12.23,15450.0,-45.0,15515.0,15530.0,15370.0,1969787.0,-262855.0,15188.0
2010.12.22,15495.0,30.0,15505.0,15520.0,15430.0,1710860.0,-344841.0,35939.0
2010.12.21,15465.0,305.0,15305.0,15550.0,15300.0,2052029.0,-12083.0,6505.0
2010.12.20,15160.0,-10.0,14950.0,15170.0,14855.0,4938442.0,-627120.0,-196821.0
2010.12.17,15170.0,285.0,14950.0,15205.0,14920.0,2312430.0,-35531.0,26144.0
2010.12.16,14885.0,-50.0,14875.0,15040.0,14830.0,2407004.0,-228330.0,17224.0
2010.12.15,14935.0,45.0,14925.0,14945.0,14825.0,2053039.0,-70528.0,47913.0
2010.12.14,14890.0,100.0,14820.0,14915.0,14765.0,1853290.0,-197292.0,-26142.0
2010.12.13,14790.0,225.0,14660.0,14790.0,14565.0,2202641.0,-231381.0,-162503.0
2010.12.10,14565.0,45.0,14520.0,14580.0,14435.0,2294768.0,-127762.0,91721.0
2010.12.09,14520.0,440.0,14160.0,14520.0,14150.0,2075171.0,503887.0,139602.0
2010.12.08,14080.0,-130.0,14205.0,14290.0,14080.0,2303519.0,-322731.0,-64077.0
2010.12.07,14210.0,125.0,14085.0,14230.0,14060.0,2166522.0,26209.0,-32804.0
2010.12.06,14085.0,10.0,14105.0,14125.0,14000.0,1983150.0,65925.0,-232318.0
2010.12.03,14075.0,210.0,13955.0,14080.0,13950.0,2667979.0,1000998.0,93512.0
2010.12.02,13865.0,290.0,13725.0,13910.0,13710.0,3120879.0,1100536.0,38060.0
2010.12.01,13575.0,235.0,13350.0,13575.0,13265.0,3347467.0,498392.0,134413.0
2010.11.30,13340.0,170.0,13170.0,13475.0,13100.0,4047397.0,396704.0,72905.0
2010.11.29,13170.0,-80.0,13205.0,13450.0,13070.0,3739577.0,-421855.0,14682.0
2010.11.26,13250.0,-310.0,13595.0,13680.0,13200.0,4385016.0,-332535.0,-456001.0
2010.11.25,13560.0,20.0,13615.0,13675.0,13370.0,3130537.0,484986.0,-336819.0
2010.11.24,13540.0,35.0,13190.0,13575.0,12960.0,4644409.0,-541089.0,478914.0
2010.11.23,13505.0,-250.0,13670.0,13705.0,13365.0,3510141.0,-265531.0,-184520.0
2010.11.22,13755.0,135.0,13750.0,13860.0,13635.0,3406364.0,302217.0,-171339.0
2010.11.19,13620.0,150.0,13540.0,13635.0,13445.0,2675930.0,187964.0,-97460.0
2010.11.18,13470.0,425.0,13110.0,13480.0,13110.0,2827326.0,1639.0,549111.0
2010.11.17,13045.0,-25.0,12920.0,13200.0,12825.0,2517348.0,12878.0,-358339.0
2010.11.16,13070.0,-195.0,13265.0,13340.0,12965.0,4100986.0,-347982.0,-219018.0
2010.11.15,13265.0,40.0,13185.0,13440.0,13155.0,2899902.0,-63908.0,275392.0
2010.11.12,13225.0,-645.0,13775.0,13855.0,13100.0,6164258.0,-1000955.0,-924980.0
2010.11.11,13870.0,-60.0,13895.0,14110.0,13835.0,2609087.0,-288517.0,95496.0
2010.11.10,13930.0,335.0,13565.0,13930.0,13545.0,2125803.0,250638.0,99724.0
2010.11.09,13595.0,45.0,13600.0,13615.0,13435.0,1485224.0,61424.0,31502.0
2010.11.08,13550.0,85.0,13600.0,13620.0,13360.0,1940215.0,-35081.0,-152856.0
2010.11.05,13465.0,5.0,13800.0,13865.0,13465.0,2986904.0,-38166.0,-332702.0
2010.11.04,13460.0,100.0,13415.0,13500.0,13395.0,1659885.0,-133191.0,339304.0
2010.11.03,13360.0,260.0,13180.0,13485.0,13180.0,4270374.0,80122.0,624583.0
2010.11.02,13100.0,15.0,13020.0,13155.0,12980.0,2578319.0,365593.0,-27469.0
2010.11.01,13085.0,490.0,12705.0,13085.0,12585.0,2550420.0,342486.0,721886.0
2010.10.29,12595.0,-380.0,13025.0,13065.0,12565.0,3373185.0,-590604.0,-257016.0
2010.10.28,12975.0,20.0,12975.0,13040.0,12915.0,1538776.0,196958.0,-54040.0
2010.10.27,12955.0,-235.0,13190.0,13235.0,12905.0,3315421.0,-279430.0,-436042.0
2010.10.26,13190.0,25.0,13160.0,13205.0,13070.0,2301810.0,-411307.0,-226037.0
2010.10.25,13165.0,270.0,12945.0,13245.0,12925.0,2639229.0,331027.0,322897.0
2010.10.22,12895.0,305.0,12650.0,12925.0,12645.0,2858777.0,344636.0,469427.0
2010.10.21,12590.0,85.0,12585.0,12600.0,12315.0,3144701.0,-120644.0,208745.0
2010.10.20,12505.0,140.0,12245.0,12580.0,12075.0,4799044.0,-5397.0,-3502.0
2010.10.19,12365.0,-230.0,12695.0,12720.0,12360.0,2788030.0,-346505.0,-18272.0
2010.10.18,12595.0,-460.0,13060.0,13075.0,12595.0,3526820.0,-1047378.0,-159092.0
2010.10.15,13055.0,50.0,13005.0,13075.0,12915.0,2045435.0,-199027.0,143376.0
2010.10.14,13005.0,330.0,12800.0,13005.0,12785.0,2598144.0,209628.0,-17866.0
2010.10.13,12675.0,100.0,12660.0,12750.0,12550.0,2446414.0,166984.0,-42536.0
2010.10.12,12575.0,-325.0,12900.0,13000.0,12500.0,4169081.0,-420150.0,-163090.0
2010.10.11,12900.0,-105.0,13140.0,13150.0,12900.0,1949344.0,-206762.0,-69343.0
2010.10.08,13005.0,-75.0,13100.0,13120.0,12950.0,2601023.0,6630.0,-200547.0
2010.10.07,13080.0,-70.0,13140.0,13150.0,13045.0,2111649.0,-402810.0,-188554.0
2010.10.06,13150.0,360.0,13010.0,13170.0,12950.0,1692478.0,-5610.0,44153.0
2010.10.05,12790.0,50.0,12670.0,12820.0,12660.0,2093690.0,398971.0,135051.0
2010.10.04,12740.0,-25.0,12860.0,12860.0,12730.0,2495291.0,-335964.0,-51216.0
2010.10.01,12765.0,135.0,12675.0,12880.0,12630.0,2067292.0,-23847.0,62496.0
2010.09.30,12630.0,15.0,12640.0,12680.0,12580.0,1658921.0,105572.0,48859.0
2010.09.29,12615.0,160.0,12520.0,12750.0,12515.0,1538809.0,256953.0,-97660.0
2010.09.28,12455.0,-20.0,12415.0,12515.0,12415.0,1331268.0,302228.0,-72026.0
2010.09.27,12475.0,195.0,12430.0,12515.0,12395.0,2073888.0,466092.0,-212021.0
2010.09.24,12280.0,120.0,12105.0,12315.0,12085.0,2221585.0,211997.0,183457.0
2010.09.20,12160.0,0.0,12080.0,12230.0,11980.0,2104022.0,-206602.0,138123.0
2010.09.17,12160.0,215.0,12020.0,12175.0,11970.0,2027380.0,108783.0,80492.0
2010.09.16,11945.0,-155.0,12120.0,12130.0,11945.0,1950046.0,-339349.0,38923.0
2010.09.15,12100.0,70.0,12045.0,12190.0,11990.0,2666402.0,-351636.0,299333.0
2010.09.14,12030.0,-15.0,12080.0,12115.0,12005.0,3236992.0,556933.0,-250131.0
2010.09.13,12045.0,225.0,11900.0,12080.0,11900.0,2109302.0,288219.0,-72229.0
2010.09.10,11820.0,250.0,11620.0,11920.0,11620.0,2737790.0,823435.0,138075.0
2010.09.09,11570.0,85.0,11525.0,11640.0,11425.0,2873768.0,-161519.0,54593.0
2010.09.08,11485.0,-140.0,11540.0,11570.0,11395.0,2338351.0,-286695.0,-234221.0
2010.09.07,11625.0,-80.0,11705.0,11725.0,11625.0,1394570.0,6143.0,203616.0
2010.09.06,11705.0,175.0,11670.0,11715.0,11625.0,1504725.0,209708.0,63491.0
2010.09.03,11530.0,10.0,11575.0,11645.0,11515.0,2345277.0,272672.0,-40534.0
2010.09.02,11520.0,155.0,11620.0,11630.0,11390.0,3266041.0,95608.0,154159.0
2010.09.01,11365.0,325.0,11110.0,11425.0,11110.0,2355485.0,917523.0,52149.0
2010.08.31,11040.0,-330.0,11170.0,11250.0,11035.0,2849817.0,-617429.0,-30389.0
2010.08.30,11370.0,440.0,11180.0,11375.0,11145.0,2380858.0,553788.0,-36690.0
2010.08.27,10930.0,-30.0,10860.0,11000.0,10810.0,2543331.0,-147629.0,-74060.0
2010.08.26,10960.0,-60.0,11105.0,11140.0,10955.0,2653073.0,-35238.0,28133.0
2010.08.25,11020.0,-330.0,11220.0,11270.0,11020.0,3589358.0,-915507.0,-190823.0
2010.08.24,11350.0,-150.0,11445.0,11550.0,11195.0,3398759.0,-178499.0,162274.0
2010.08.23,11500.0,-40.0,11565.0,11785.0,11475.0,3619722.0,-1231.0,-63728.0
2010.08.20,11540.0,-110.0,11500.0,11620.0,11440.0,2065548.0,129479.0,-50274.0
2010.08.19,11650.0,325.0,11315.0,11675.0,11305.0,2150478.0,562431.0,213849.0
2010.08.18,11325.0,70.0,11285.0,11350.0,11200.0,2794495.0,-386554.0,-25596.0
2010.08.17,11255.0,200.0,11020.0,11255.0,10900.0,2496399.0,-117105.0,-82464.0
2010.08.16,11055.0,-50.0,11065.0,11075.0,10715.0,3342640.0,-340543.0,52608.0
2010.08.13,11105.0,235.0,10945.0,11130.0,10855.0,2057113.0,-15607.0,74027.0
2010.08.12,10870.0,-410.0,11045.0,11090.0,10870.0,2423623.0,-705659.0,-83652.0
2010.08.11,11280.0,-390.0,11550.0,11610.0,11275.0,3338163.0,-576999.0,-310095.0
2010.08.10,11670.0,-125.0,11795.0,11835.0,11640.0,2219452.0,-47757.0,-357100.0
2010.08.09,11795.0,70.0,11655.0,11795.0,11590.0,1387908.0,147333.0,-23080.0
2010.08.06,11725.0,-35.0,11705.0,11775.0,11585.0,1905935.0,11939.0,7542.0
2010.08.05,11760.0,-15.0,11855.0,11930.0,11630.0,3201402.0,-68267.0,-46287.0
2010.08.04,11775.0,-65.0,11875.0,11880.0,11660.0,2215718.0,-134307.0,-152859.0
2010.08.03,11840.0,100.0,11915.0,11915.0,11780.0,2415887.0,-726035.0,78969.0
2010.08.02,11740.0,330.0,11525.0,11780.0,11515.0,2307311.0,463296.0,319959.0
2010.07.30,11410.0,-200.0,11575.0,11605.0,11400.0,2937674.0,-307657.0,-37537.0
2010.07.29,11610.0,-70.0,11620.0,11670.0,11570.0,1720195.0,174374.0,-208655.0
2010.07.28,11680.0,125.0,11500.0,11680.0,11500.0,2300548.0,367118.0,27065.0
2010.07.27,11555.0,-5.0,11640.0,11645.0,11550.0,2226665.0,-198204.0,113045.0
2010.07.26,11560.0,160.0,11520.0,11580.0,11405.0,2255981.0,10940.0,-88650.0
2010.07.23,11400.0,290.0,11375.0,11450.0,11265.0,2826669.0,329257.0,-574.0
2010.07.22,11110.0,-170.0,11125.0,11315.0,11090.0,2568602.0,-126674.0,159114.0
2010.07.21,11280.0,225.0,11240.0,11330.0,11115.0,2846332.0,197444.0,-60925.0
2010.07.20,11055.0,55.0,11010.0,11120.0,10870.0,2915241.0,-71767.0,-219151.0
2010.07.19,11000.0,-180.0,10870.0,11150.0,10840.0,2737512.0,208482.0,-206768.0
2010.07.16,11180.0,-200.0,11365.0,11405.0,11150.0,2962303.0,-254710.0,-45155.0
2010.07.15,11380.0,-100.0,11425.0,11480.0,11345.0,2345500.0,-464428.0,14335.0
2010.07.14,11480.0,325.0,11370.0,11565.0,11355.0,2696886.0,499499.0,109357.0
2010.07.13,11155.0,105.0,11070.0,11345.0,11070.0,3446609.0,-137554.0,383095.0
2010.07.12,11050.0,85.0,11050.0,11065.0,10955.0,2123613.0,6109.0,1798.0
2010.07.09,10965.0,335.0,10760.0,10980.0,10605.0,4127959.0,316250.0,148194.0
2010.07.08,10630.0,370.0,10505.0,10650.0,10505.0,2928142.0,507812.0,237578.0
2010.07.07,10260.0,-115.0,10430.0,10435.0,10150.0,2533701.0,-229003.0,-10.0
2010.07.06,10375.0,75.0,10250.0,10435.0,9950.0,3990453.0,-681185.0,124346.0
2010.07.05,10300.0,60.0,10260.0,10340.0,10180.0,1390457.0,-44290.0,-51850.0
2010.07.02,10240.0,-140.0,10400.0,10475.0,10200.0,2276258.0,-132449.0,-48248.0
2010.07.01,10380.0,-210.0,10440.0,10575.0,10140.0,3929774.0,-133468.0,-225684.0
2010.06.30,10590.0,-220.0,10530.0,10640.0,10445.0,2830728.0,-532107.0,63203.0
2010.06.29,10810.0,-305.0,11135.0,11240.0,10800.0,3360240.0,-346782.0,-72375.0
2010.06.28,11115.0,55.0,11140.0,11165.0,11010.0,1740961.0,89404.0,-46785.0
2010.06.25,11060.0,-165.0,11055.0,11160.0,10975.0,2628016.0,-195888.0,29868.0
2010.06.24,11225.0,150.0,11095.0,11300.0,11030.0,1839712.0,304795.0,12757.0
2010.06.23,11075.0,-105.0,11020.0,11200.0,11020.0,1985684.0,519190.0,-134809.0
2010.06.22,11180.0,-115.0,11210.0,11230.0,11110.0,1698592.0,-15984.0,-115427.0
2010.06.21,11295.0,365.0,11100.0,11360.0,11090.0,3515036.0,104302.0,244701.0
2010.06.18,10930.0,25.0,10925.0,10970.0,10850.0,1939285.0,-19230.0,33378.0
2010.06.17,10905.0,5.0,10905.0,10975.0,10865.0,1500339.0,150482.0,23638.0
2010.06.16,10900.0,160.0,11010.0,11010.0,10820.0,2659246.0,-304867.0,285610.0
2010.06.15,10740.0,20.0,10750.0,10825.0,10620.0,2033721.0,-48171.0,77995.0
2010.06.14,10720.0,220.0,10605.0,10845.0,10580.0,2457916.0,546806.0,-64438.0
2010.06.11,10500.0,300.0,10425.0,10550.0,10315.0,3503401.0,410371.0,10464.0
2010.06.10,10200.0,110.0,10120.0,10310.0,10025.0,3084847.0,562747.0,-69151.0
2010.06.09,10090.0,-115.0,10225.0,10240.0,10020.0,2648229.0,-577244.0,118957.0
2010.06.08,10205.0,200.0,9970.0,10265.0,9880.0,3153983.0,591697.0,-182938.0
2010.06.07,10005.0,-355.0,9920.0,10030.0,9795.0,3179127.0,-436723.0,-136666.0
2010.06.04,10360.0,20.0,10365.0,10400.0,10260.0,2125914.0,151984.0,-52096.0
2010.06.03,10340.0,450.0,10015.0,10375.0,9980.0,2328654.0,949973.0,75370.0
2010.06.01,9890.0,-60.0,9890.0,9995.0,9850.0,2515831.0,314455.0,-214692.0
2010.05.31,9950.0,150.0,9730.0,9975.0,9715.0,3062322.0,422063.0,-10423.0
2010.05.28,9800.0,230.0,9765.0,9820.0,9615.0,3557822.0,420776.0,37380.0
2010.05.27,9570.0,320.0,9140.0,9620.0,9100.0,3424662.0,454501.0,261933.0
2010.05.26,9250.0,130.0,9240.0,9420.0,9060.0,3830423.0,148022.0,219103.0
2010.05.25,9120.0,-515.0,9485.0,9485.0,8975.0,5817346.0,-1983271.0,-340795.0
2010.05.24,9635.0,70.0,9400.0,9755.0,9400.0,2585186.0,-14471.0,140347.0
2010.05.20,9565.0,-280.0,9745.0,9955.0,9465.0,2809296.0,-578787.0,-142773.0
2010.05.19,9845.0,-250.0,9965.0,9970.0,9630.0,4025330.0,-1236074.0,231340.0
2010.05.18,10095.0,-65.0,10235.0,10285.0,9970.0,2712558.0,-350723.0,89203.0
2010.05.17,10160.0,-525.0,10425.0,10425.0,10090.0,2988649.0,-1309099.0,-70117.0
2010.05.14,10685.0,-10.0,10580.0,10780.0,10420.0,1659526.0,596.0,-31624.0
2010.05.13,10695.0,385.0,10510.0,10800.0,10510.0,1743660.0,331579.0,133539.0
2010.05.12,10310.0,-45.0,10445.0,10590.0,10310.0,1891276.0,108194.0,59683.0
2010.05.11,10355.0,-145.0,10750.0,10755.0,10325.0,2834261.0,-71745.0,-41585.0
2010.05.10,10500.0,365.0,10240.0,10525.0,10215.0,1953207.0,313629.0,105712.0
2010.05.07,10135.0,-485.0,10130.0,10285.0,9905.0,3318924.0,-1003637.0,-229999.0
2010.05.06,10620.0,-495.0,10660.0,11095.0,10565.0,2407801.0,-775709.0,-33774.0
2010.05.04,11115.0,-25.0,11260.0,11305.0,11050.0,1865322.0,-245122.0,210752.0
2010.05.03,11140.0,-315.0,11385.0,11455.0,11100.0,1999341.0,-596893.0,-81901.0
2010.04.30,11455.0,160.0,11400.0,11525.0,11400.0,1609796.0,376358.0,29632.0
2010.04.29,11295.0,-5.0,11370.0,11380.0,11160.0,1505462.0,-45401.0,-127806.0
2010.04.28,11300.0,-305.0,11280.0,11315.0,11115.0,2015047.0,-445242.0,-76115.0
2010.04.27,11605.0,-25.0,11630.0,11650.0,11515.0,1076457.0,-270810.0,-56887.0
2010.04.26,11630.0,245.0,11550.0,11750.0,11505.0,1507517.0,159252.0,155931.0
2010.04.23,11385.0,-25.0,11500.0,11520.0,11335.0,1514035.0,46246.0,-186326.0
2010.04.22,11410.0,-140.0,11500.0,11500.0,11265.0,1321044.0,-305943.0,12883.0
2010.04.21,11550.0,385.0,11250.0,11600.0,11250.0,1750223.0,436155.0,34325.0
2010.04.20,11165.0,145.0,11120.0,11225.0,11070.0,1392466.0,-76731.0,237212.0
2010.04.19,11020.0,-390.0,11180.0,11290.0,10985.0,1963118.0,-339009.0,-4897.0
2010.04.16,11410.0,-165.0,11520.0,11555.0,11280.0,1805478.0,-310715.0,-50641.0
2010.04.15,11575.0,65.0,11650.0,11655.0,11460.0,1699393.0,-527715.0,44342.0
2010.04.14,11510.0,335.0,11230.0,11545.0,11225.0,1969678.0,495608.0,-53680.0
2010.04.13,11175.0,-35.0,11245.0,11270.0,11030.0,1739466.0,-152675.0,99074.0
2010.04.12,11210.0,-190.0,11460.0,11520.0,11105.0,1960438.0,-373793.0,58862.0
2010.04.09,11400.0,-95.0,11505.0,11550.0,11195.0,1629813.0,-264454.0,-39985.0
2010.04.08,11495.0,40.0,11390.0,11545.0,11380.0,968367.0,5092.0,71016.0
2010.04.07,11455.0,-25.0,11480.0,11535.0,11450.0,615961.0,-131146.0,-396.0
2010.04.06,11480.0,-5.0,11515.0,11560.0,11415.0,744603.0,-78624.0,-64471.0
2010.04.05,11485.0,115.0,11485.0,11485.0,11330.0,827242.0,-192798.0,-17098.0
2010.04.02,11370.0,125.0,11310.0,11375.0,11230.0,855473.0,-152034.0,52882.0
2010.04.01,11245.0,360.0,10890.0,11290.0,10890.0,872533.0,230054.0,34371.0
2010.03.31,10885.0,-95.0,10985.0,11005.0,10855.0,656581.0,-194132.0,17111.0
2010.03.30,10980.0,130.0,10975.0,11000.0,10930.0,707185.0,313393.0,-37579.0
2010.03.29,10850.0,-50.0,10740.0,10970.0,10735.0,840254.0,-122257.0,5095.0
2010.03.26,10900.0,65.0,10840.0,10935.0,10685.0,955701.0,-162140.0,17621.0
2010.03.25,10835.0,70.0,10765.0,10860.0,10740.0,708843.0,70009.0,-19676.0
2010.03.24,10765.0,0.0,10965.0,10965.0,10720.0,1003363.0,-104996.0,-12806.0
2010.03.23,10765.0,185.0,10670.0,10840.0,10670.0,599310.0,160306.0,37172.0
2010.03.22,10580.0,-245.0,10745.0,10745.0,10465.0,1254493.0,-415603.0,-34823.0
